  0.26341  1.06559  0.60691  0.76491 2
  0.49754  0.35419  0.59531  0.64819 0
 -0.10109  0.70901  0.62414 -0.05843 2
  0.62993  1.02943  0.88724  0.02503 2
  0.68689  0.70143  0.52482  0.88948 2
  0.82091  0.57869  0.63426  0.73346 2
  0.23069  0.66264  0.46119  0.75482 0
  0.68822  0.51511  0.34509  0.06741 0
  0.42961  0.48097  0.90972  0.05249 0
  0.45793  0.91854  0.15143  0.01349 0
  0.97980  0.84783  0.39228  0.54255 2
 -0.01648  1.03685  0.66668  0.53613 2
  0.61587  0.30826  0.05964  0.78535 2
 -0.06288  0.68107  0.72958  0.87676 2
  0.22661  0.55129  1.05787  0.67571 0
  0.01440  0.09213  0.31952  0.20057 1
  0.78054  0.30105  0.90455  0.84368 2
  0.42587  0.92528  0.56312  0.68139 0
  0.36682  0.94861  0.66007  0.02085 0
  0.39021  0.70907  1.07056  0.26739 0
  0.31047 -0.03084  0.83147  0.85500 1
  0.75001  0.86821  0.17744  0.55180 2
  0.97339  0.46060  0.64950  0.66453 2
  0.82394  1.01282  0.14870  0.81071 2
  0.72633  0.17290  0.79543  0.71217 2
  0.05271  0.10706  0.50865  0.95283 1
  0.61331  0.18889  0.29897  0.32643 1
  0.24483 -0.11410  0.29300  1.01711 1
  0.18814  1.04397  0.65034  0.47041 2
  0.87491  0.76798  0.03524  0.37349 2
  0.22378  0.65550  0.30164  0.47012 0
  0.42279  0.49141  0.88182  0.87130 0
  0.83239 -0.01886  0.53684  0.71249 2
  0.45217  1.02038  0.27690  0.94167 2
  0.36009  0.55686  0.44427  0.67827 0
  0.85302  0.77782  0.75651  0.76532 2
  0.86868  0.32826  0.80052  0.50972 2
  0.25447  0.18352  0.47776  0.93928 0
  0.49910  0.86693  0.46486  0.01995 0
  0.25544  0.83196  0.41055  0.69877 0
  0.61680  0.38587  0.71237  0.55054 0
  0.87528  0.80355  0.31433  0.18167 2
  0.38361  0.97758  0.63154  0.11641 2
  0.12953  0.64429  0.74429  0.42480 0
  0.86543  0.15116  0.31889 -0.03078 2
  0.38398  0.83606  0.67644  0.97584 2
  0.38566  0.97147  0.80697  0.97225 2
  0.30997  0.51303  0.77808  0.84191 0
  1.04128  0.51883  0.27476  0.32934 2
  0.49414  0.58482  0.40162  0.51220 0
  0.81260  0.58595  0.35693  0.40466 2
  0.22672  0.32265  0.46983  0.78964 0
  0.64442  0.99956  0.43432  0.74348 2
  0.12109  0.72235  0.29636  0.04213 2
  0.50673  0.96987  0.56111  0.92563 2
  0.94598  0.20115  0.96306  0.12859 2
  0.54664  0.12022  0.27313  0.40874 1
  0.46407  0.64409  0.34236  0.03433 0
  0.48466  0.20423  0.62509  0.66943 0
  0.70216  0.42412  0.36682  0.71751 2
  0.93675  0.06744  0.57274  0.08160 2
  0.52041  0.55352  0.53325  1.08567 0
  0.15897 -0.02610  0.31510  0.56177 1
  0.43070  0.36109  0.08836  0.15888 0
  0.78697 -0.13792  0.63411  0.55939 2
  0.74938  0.58163  0.66848  0.66807 2
  0.46164  0.70666  0.73299 -0.07795 0
  0.06807  0.44506  0.49154  0.83437 0
  0.62024  0.67734  0.11596  0.20867 0
  0.73581  0.89998  1.06696  0.83570 2
  0.75172  0.00097  0.82175  0.66878 2
  0.33732  0.99923  0.23495  0.36221 2
 -0.01637  0.68998  0.07151  0.89007 2
  0.18386  1.01820  0.38856  0.60875 2
  0.94521  0.75425  0.33073  0.21178 2
  0.32751 -0.01123  0.84604  0.11496 0
  0.97154  0.31796  0.51300  0.24307 2
  0.43149  0.38810  0.15156  0.68187 0
  0.81740  0.79164  0.81434  0.64566 2
  0.76941  0.85669  0.54074  0.39193 2
  0.92215  0.28485 -0.02665 -0.02583 2
  0.41456  0.73004  0.68697  0.64660 0
  0.17444  0.25218  0.86179  0.16918 1
  0.67803  0.47374  0.56822  0.43425 0
  0.14190  0.40165  0.81542  0.43681 0
  0.02611  0.45353  0.60768  0.67622 0
  0.06232 -0.05607  0.98549  0.66591 1
  0.45772  0.22164  1.00151  0.74404 2
  0.10580  0.05074  1.01516  0.07490 1
  0.22039  0.38286  0.05977  0.21829 0
  0.68269  0.39997  0.67412  0.29239 2
  1.03399  0.35371  0.39561  0.20400 2
  0.88458  0.65401  0.10318  0.50256 2
  0.24581  0.07918  0.13268  0.07753 1
  0.27305  0.88761  0.46513  0.39091 2
  0.56135  0.18035  0.83865  0.52987 0
  0.98075  0.51232  0.89243  0.38687 2
  0.79227  0.02969  0.00368  0.64401 2
  1.09043  0.06821  0.29129  0.48818 2
  0.43666  0.28446  0.04814  0.76330 2
  0.99352  1.12290  0.36022  0.73915 2
  0.96726  0.75475  0.30626  0.22109 2
  0.80317  0.88713  0.65077  0.53842 2
  0.47699  0.65559  0.33398  0.91953 0
  0.20610  0.71531  0.94057  0.44437 0
  0.08805  0.55490  0.19802  0.60259 2
  0.81773  0.93689  0.62293 -0.01448 2
  0.08403  0.72317  0.38850  0.56425 0
  0.90922  0.46829  0.13811  0.12612 2
  0.60357  0.39726  0.12412  0.46020 0
  0.18997  0.07417  0.28210  0.37868 1
  0.04121 -0.09838  0.71854  0.58745 1
  0.32280  1.00391  0.42494  0.31633 2
  0.58281  0.03277  0.24216  0.37653 2
  0.14553  0.86943  0.32184  0.30595 0
  0.33373  0.21196  0.85285  0.78177 1
  0.45389 -0.02441  0.56426  0.39708 1
  0.08205  0.70294  0.40072  0.74417 2
  0.52891  0.29844  0.19393  0.79189 0
  0.53903  0.74388  0.39318  0.12931 2
  0.59635 -0.11081  0.40682  1.16330 2
  0.34887  0.67704  0.24924  0.25825 0
  0.03479  0.87096  0.28438  1.07245 2
 -0.03864  0.71109  0.69297  0.98036 0
  0.12669  0.52376  0.43507  0.36289 2
  0.28631  0.86443  0.48972  0.51552 0
  0.87775  0.40220  0.31111  0.83857 2
  0.71744  0.71979  0.17928  0.83018 0
  0.96225 -0.00781  0.43743  0.75492 2
  0.18956  0.30384  0.65760  0.41669 0
  0.77625  0.08633  0.49707  0.64820 2
  0.16385  0.57741  0.94480  0.63170 0
  0.67198  0.15206  0.89162  0.89444 2
  0.05689  0.00378  0.15572  0.62294 1
  0.42296  0.01498  0.38194  0.19700 0
  0.85754  0.25729  0.31075  0.41978 2
  0.46257  0.46529  0.12846 -0.04003 0
  1.13613  0.83362  0.41567  0.40493 2
  0.10306  0.29510  0.55428  0.76886 0
  0.38678  0.55642  1.04798  0.70912 0
  0.85202  0.30580  0.71220  0.22721 2
  1.10062  0.63354  0.47580  0.81730 2
  0.25740  0.07007  0.19609  0.05544 1
  0.78617  0.15398  0.39588  0.45707 2
  0.65965  0.39936  0.18216  0.75106 0
  0.13930  0.82085  0.15164  0.31165 2
  0.30176  0.75266  0.61261  0.55534 2
  0.55863  0.26651  0.66870  0.18328 2
  0.07133  0.87641  0.22741  0.11200 2
  0.66562  0.27708  0.37784  0.79626 2
  0.64070  0.21355  0.64131  0.96387 0
  0.97192  0.59880  0.43799  0.67396 2
  0.83288  0.06019  0.65826  0.26748 2
  0.22508  0.47447  0.24710  0.23513 0
  0.11418  0.07247  0.69567  0.38098 1
  0.35268  0.90938  0.67048  0.81788 0
  0.76458  0.21908  0.16652  0.43845 2
  0.45537  0.59832  0.65271  0.29751 0
  0.55511 -0.02855  0.20122  0.24556 2
  0.64321  0.42732  0.14879  0.10332 0
  0.83374  0.75872  0.12844  0.96252 2
  0.33637  0.76051  0.21973  0.18710 0
  0.45869  0.44047  0.14565  0.15894 0
  0.72107  0.89007  0.17804  0.14115 2
  0.37953  0.96775  0.01996  0.67677 2
  0.26330  0.03238  0.43304  0.71893 0
  0.48919  0.94672  0.22621  0.59561 2
  0.89259  0.31458  0.37975  0.58161 2
  0.54774  0.80704  0.70102  0.75725 2
  0.72103  1.03858  0.54755  0.42439 2
  0.77277  0.32798  0.29634  0.17570 2
  0.16850  1.05581  0.93891  0.20601 2
  0.50339  0.28470  0.53262  0.27851 0
  0.84580  0.97568  0.44752  0.25609 2
  0.31546  1.01547  1.01050  0.98741 2
  0.23646  1.01939  0.77074  0.66501 2
  0.21406  0.69459  0.15981  0.89646 2
  0.77778  0.50134  0.25508  0.40574 2
  0.93754 -0.05820  0.15388  0.99600 2
  0.82292  0.17145  0.45777  0.87223 2
  0.01112  0.42046  0.98055  0.61405 2
  0.47945  0.69089  0.09989  0.64599 0
  1.11988  0.26669  0.61520  0.27332 2
  0.80328  1.02943  0.14620  0.45050 2
  0.72243  0.80906  0.54326  0.40512 2
  0.18885  0.35520  0.12152  1.06829 1
  0.17483  0.98932  0.31046  0.12160 2
  0.35577  0.21140  0.79598  0.91306 0
  0.35709  0.20744  0.83141  0.43725 1
  0.48160  0.53214  0.19941  0.42867 0
  0.85662  0.41422  0.14839  0.25299 2
  0.72456  1.03664  0.54547  0.36361 2
  0.27053  0.80899  0.63771  0.29586 2
  0.70066  0.23811  0.75429  0.80880 2
  0.95430  0.84551  0.38462  0.40248 2
  0.09319  0.85786  0.31045  0.18616 2
  0.78763 -0.24038  0.45352  0.93404 2
  0.81645  0.91276  0.22766  0.35205 2
  0.58619  0.69759  0.15159  0.12779 0
  0.83767  0.23572  0.14904  0.22901 2
  0.89882  0.46736  0.84636  0.95460 2
  0.53074  0.71756  0.05967  0.47094 0
 -0.03515  0.14304  0.80899  0.39320 1
  0.44512  0.30233  0.04343  0.46291 0
  0.31266  0.61034  0.72888  0.73834 0
  0.67593  0.18043  0.33545  0.86920 0
  0.73379  0.09521  0.14715  0.00330 2
  0.62128  0.28985  0.80179  0.18169 0
  0.81408  0.34471  1.01692  0.32611 2
  0.66366  0.45800  0.80089  0.48371 0
  0.15012 -0.14011  0.41291  0.59397 1
  0.71182  0.60841  0.91317  0.69076 2
  0.22613  0.54536  0.44778  0.32216 0
  0.48639  0.30663  0.82734  0.14014 0
  1.06839  0.48527  0.69114  0.25679 2
  0.64516  0.63439  0.14597  0.22480 0
  0.74239  0.32123  0.14402  0.87469 2
  0.67719 -0.06369  0.22170  0.66575 1
  0.79131  0.80125  0.02810  0.61697 2
  0.11571  0.58912  0.67370  0.27102 0
  0.27699  0.86772  0.84281  0.66534 0
  0.76210  0.78269  0.86194  0.49796 2
  0.24261  0.17739  0.11460  0.31489 1
  0.14731  0.26642  0.06301  0.28677 0
  0.61518  0.75418  0.82995  0.54336 2
  0.61050  0.82492  0.47244  0.10255 0
  0.33084  0.78548  0.83618  0.08692 0
  0.28652  0.54090  0.71002  0.01534 0
  0.87055  0.76446 -0.04820  0.99498 2
  0.91763  0.78406  0.35470  1.09455 2
  0.85550  0.84671  0.18682  0.70737 2
  0.08814  0.85817  0.76719  0.89987 2
  0.22943  0.67529  0.74084  0.31612 0
 -0.01181  0.28529  0.52766  0.16418 1
 -0.06987  0.23503  0.67375  0.25250 1
  0.58181  0.65513  0.64792  0.43057 0
  0.29265  0.89453  0.57694  0.64008 2
  0.62803 -0.00630  0.28922  0.61626 2
  0.51953  0.86631  0.38115  0.72264 2
  0.51193 -0.01193  0.71609  0.22304 1
  0.15805  0.05497 -0.17758  0.41272 0
  0.66162  0.45133  0.58402  0.47815 0
  0.41380  0.23735  0.64842  0.48735 0
 -0.00453  0.11053  0.85510  0.74600 2
  1.14601  0.17412  0.27244  0.59399 2
 -0.04261  0.36748  0.31843  0.89426 0
  0.60134  0.04357  0.68967  0.65556 2
  0.53544  0.18493  0.09931  0.52111 2
  0.60980  0.43542  0.82373  0.05055 0
  0.18366  0.63185  0.36274  0.42814 0
  0.21593  0.42343  0.08262  0.07712 0
  0.62942  0.28589  0.50795  0.90915 2
  0.42070  0.43082 -0.01822  0.96446 0
 -0.00228  0.73532  0.44635  1.01098 2
  0.19354  0.01626  0.75089  0.17859 1
 -0.16422  0.71656  0.80199  0.85523 0
  0.38419  0.69995  0.54254  0.11716 0
  0.75295  0.54211  0.34733  0.59155 0
  0.18847  0.27054 -0.07356  0.55012 1
  0.40930  0.30763  0.03129  0.88596 0
  0.64673  0.17241  0.58591  0.64883 2
  0.95327  0.49891  0.31070  0.64832 2
  0.18105  0.51250  0.63175  0.37528 1
  0.84598  0.39955  0.46842  0.07358 2
  0.25976  0.48798  0.37563  0.20141 0
  0.14890  0.33172  0.71309  0.64949 0
  0.53140  0.67142  0.17024  0.45812 0
  0.41544  0.30125  0.71092  0.40448 0
  0.72671  0.76506  0.51917  0.89583 2
  0.96905  0.40911  0.53477  0.20358 2
  0.61010  0.62443  0.57686  0.18563 0
  0.72543  0.58268  0.75730  0.46298 2
  0.93717  0.23867  0.58959  0.36198 2
  0.31289 -0.13164  0.53859  0.54864 1
  0.06016  0.32523  0.89269  0.02668 1
  0.62181 -0.06975  0.61117  0.75920 1
  0.75951  0.22856  0.18559  0.00033 2
  0.76857  0.83623  0.74605 -0.03527 2
  0.32895  0.94635  0.03784  1.00120 2
  0.54585  0.53529  0.80472  0.42435 0
  0.29866  0.15098  1.03646  0.48159 1
  0.67201  0.73018  0.21137  0.16988 2
  0.91084  0.13012  0.31236  0.39531 2
  0.71133  0.35023  0.37205  0.79100 2
  0.61585  0.66398  0.42265  0.14594 0
  0.37092  0.40362  0.92786  0.56028 0
 -0.02740 -0.06906  0.19134  0.51581 1
 -0.14746  0.26806  0.78290  0.96205 0
  0.52506  0.15896  0.32644  0.93603 0
  0.38779  0.80151  0.78338  0.15363 2
  0.02771  0.92794  0.80933  0.75661 2
  0.49367 -0.07150  0.69673  0.48487 1
  0.58442  0.10282  0.81595  0.71350 2
  0.45895  0.58202  0.07973  0.19914 0
  0.85918  0.18288  0.22722  0.68209 2
  0.65097  0.80257  0.72665  0.37960 2
  0.70160  0.97450  0.72232  0.82159 2
  0.11137  0.86977  0.77508  0.15991 2
  0.35690  0.94059  0.25551  0.46565 2
  0.39908  0.33182  0.11489  0.28231 0
  0.10998  0.95656  0.53196  0.99979 0
  0.52471  0.39737  0.72050  0.46965 0
  0.65736  0.28751  0.25057  0.03190 0
  0.45974  1.05817 -0.00262  0.92216 2
  0.10463  0.32314  0.48112  0.24485 0
  0.44852  0.66206  0.91913  0.94456 0
  0.21856  0.95587 -0.00940  0.20185 2
  0.16722  0.37879  0.38386  0.81765 0
  0.56332  0.42582  0.40157  0.17837 0
  0.39508  0.75681  0.69301  0.02399 2
  0.48336  0.84598  0.40363  0.47306 0
  0.63094  0.04392  0.48671  0.26458 0
  0.68638  0.77172  0.04206  0.03434 2
  0.82502  0.20749  0.76064  0.38250 2
  0.76288  0.13207  0.52069  0.13263 2
  0.55699  0.57566  0.63472  0.08921 0
  0.85644  0.27506  0.46714  0.40374 2
  0.17853  0.47048  0.32330  0.09505 0
  0.69968 -0.09836  0.67567  1.06683 2
  0.80383  0.68793  0.77485  0.49690 2
  0.77531  0.95868  0.54176  0.74718 2
  0.77780  0.56242  0.79805  0.09970 2
  0.04057 -0.09970  1.11575  0.63538 1
  0.49818  0.31822  0.84693  0.48523 2
  0.00931  0.73247  1.03008  0.72338 0
  0.82621  1.01049  0.93171  0.35952 2
  0.69281  0.24670  0.30334  0.54406 2
  0.00593 -0.01072  0.62982  0.78975 1
  0.59375  0.89596  0.75580  0.83500 2
  0.57827  0.13139  0.89439  0.20035 1
  0.14366  0.30589  0.75869  0.34361 0
  0.04989  0.43955  0.89861  0.90614 2
  0.08248  0.68059  0.16719  0.11684 2
 -0.27601  0.38015  0.65573  0.58333 2
  0.77681 -0.00356  0.40078  0.12543 2
  0.89368  0.96201  0.32445  0.87686 2
  0.37538  0.93789  0.58759  0.62809 2
  0.32240  0.88902  0.62888  0.59874 2
  1.08811  0.62439  0.83324  0.90662 2
  0.14255  0.30241  0.95963  0.78599 1
  0.21080  0.17914  0.83385  0.86927 0
  0.82676  0.90980  0.66489  0.42577 2
  0.22474  0.19998  0.21976  0.55514 0
  0.54232  0.89119  0.15491  0.69863 2
  0.16074  0.04906  0.54949  0.59664 0
  0.77051  0.82143  0.48150  0.40319 2
  1.09252  0.45680  0.71088  0.96013 2
  0.53030  0.78177  0.43974  0.25919 2
  0.70042  0.10136  0.32395  0.42796 2
 -0.00022  1.03212  0.85544  0.60007 2
  0.64951  0.69612  0.18548  0.00605 2
  0.96038  0.11388  0.58240  0.04820 2
  0.45681  0.35557  0.90016  0.99219 0
  0.87877  1.03875  0.94516 -0.22096 2
  0.17957  0.20077  0.59694  0.65513 1
  0.78922  0.17419  0.79710  0.70189 2
  0.62009  0.82390  0.22937  0.28670 2
  0.12075  1.04331  0.00501  1.00603 2
  0.23416  0.21570  0.61154  1.01271 1
  0.52137  0.58037  0.70774 -0.02472 0
  0.68760  0.38793  0.31847  0.28315 2
  0.13470  0.70299  0.64231  0.81743 2
  0.15732  0.45332  0.55108  0.78518 0
  0.17213  0.67214  0.42467  1.05859 0
  0.39853  0.13523  0.84385  0.09008 1
  0.25450 -0.14869  0.15134  0.50161 1
  0.44766  0.92701  0.83085  0.50936 2
  0.43365  0.49290  0.40327  0.66607 0
  0.08728  0.39877  0.29571  0.29197 2
  0.23431 -0.03166  0.04403  0.30184 1
  0.03903  0.50236  0.54527  0.17136 0
  0.87936  0.20579  0.88121  0.13930 2
  0.56499  0.73792  0.10322  0.06313 0
  0.92515  0.51577  0.07697  0.39339 2
  0.06210  0.62938  0.34635  0.92368 2
  0.50710  0.59299  0.99772  0.52154 0
  0.63820  0.22753  0.65201  0.78231 0
  0.92690  0.17734  0.45133  0.04679 2
 -0.12549  0.03661 -0.00232  0.38143 1
  0.00135  0.57241  0.88556  0.65575 0
  0.26164  0.58979  0.10599  0.13240 0
 -0.03623  0.77925  1.04419  0.32851 2
  0.06951  0.22881  0.63002  0.12262 0
  0.45845  0.64664  0.82701  0.32763 0
  0.56769  0.94305  0.87362  0.18424 2
  0.59523  0.07435  0.08495  0.22173 0
 -0.02836  0.57977  0.36384  0.14456 2
  1.02064  0.78825  0.43930  0.43243 2
  0.07495 -0.19904  0.41573  0.70227 1
  0.48146  0.43281  1.01411  0.85629 0
  0.23397  0.26412  0.95192  0.96822 1
  0.65303  0.37223  0.49679  1.09843 0
  0.52860  0.02953  0.53344  0.10999 0
  0.78372  0.55532  0.44357  0.96677 2
  0.77357  0.80192  0.75756  0.10881 2
  0.22664  0.50119  0.72200  0.46271 0
  0.66439  0.37113  0.18054  0.92533 0
  0.67366  0.15678  0.28369  0.31948 2
  0.42994 -0.10833  0.41444  0.52824 1
  0.19063  0.72354  0.31900  0.96168 0
  0.26433  0.69998  0.50485  0.62789 0
 -0.00799  0.65128  0.60667  0.75856 2
  0.74162  0.89753  0.18184  0.16970 2
  0.32435  0.77958  0.49366  0.35689 0
  0.26450  0.51000  0.44239  0.74797 0
 -0.05056  0.14561  0.07436  0.96038 1
  0.66066  0.07493  0.55831  0.52629 2
  0.68468  0.55866  0.84671  0.37175 0
 -0.13465  0.21043  0.04536  0.79354 1
  0.15435  0.24628  0.16664  0.56402 1
  0.85618  0.61598  0.61436  0.47572 2
  0.31359  0.98262  0.69498  0.33654 0
  0.50511 -0.09801  0.15245  0.14980 1
  0.61923  0.36252  0.38162  0.42747 2
  0.25281  0.39697  0.02331  1.07728 0
  0.20572  0.22907  0.70688  0.13646 0
  0.09271  0.28945  0.86076  0.87008 0
  0.36490  0.24982  0.23820  1.01871 0
  0.73306  0.93210  0.81601  0.71212 2
  0.15677  0.89804  0.83362  0.74268 2
  0.12972  0.91663 -0.11787  0.93514 2
  0.27308  0.57174  1.00457  0.89525 0
  0.77758  0.19936  0.85259 -0.03088 2
  0.92934  0.76886  0.40823  0.90000 2
  0.12740  0.48002  0.42355  0.58831 0
  0.86296  0.32664  1.19172  0.52672 2
  0.58685  0.77795  0.73036  0.94772 0
  0.59656  0.37370  0.34569  0.43532 0
  0.67860  0.94980  0.80988  0.72316 2
  0.53418  0.07468  0.82051  0.31136 2
  0.66064  0.85505  1.08336  0.76908 2
  0.56676 -0.00932  0.66888  0.22797 1
  0.92032  0.13262  0.50152  0.31169 2
  0.33940  0.57789  0.18681  0.04534 0
  0.77207  0.49830  0.64447  0.54262 2
  0.51114  0.46803  0.53599  0.27126 0
  0.65676  0.26599  0.21834  0.19720 2
  0.23990  0.97280  0.66178  0.48546 2
  0.60745  0.86925  0.31984  0.69015 2
  0.70305  0.56243  1.03330 -0.03021 2
  0.93225  0.89423  0.10186 -0.00617 2
  0.28345  0.77175  0.93961  0.91983 2
  0.46244  0.01525  0.95807  0.60039 2
  0.80737  0.42976  1.05384  1.03331 2
  0.32647  0.37352  1.00862  0.64120 0
  0.52689  0.11071  0.47185  0.74677 0
 -0.05631  0.62351  0.22948  0.78299 0
  0.29041  1.05858  0.12608  0.73498 2
  1.01621  0.97648  0.19293  0.16990 2
  1.07930  0.37136  0.62107  0.27485 2
  0.09128  0.88814  0.24301  0.26685 2
 -0.04712  1.12114  0.50326  0.63955 2
  0.08849  0.92485  0.47478  0.12492 2
  0.97849  0.40230 -0.08430  0.32268 2
  0.54820  0.17094  0.94572  0.76261 0
 -0.02682  0.38096  0.40662  0.28966 2
  0.58613  1.08991  0.76626  0.52874 2
  0.59254  0.06384  0.38126  0.39939 2
  0.55400  0.43539  0.38051  0.89148 0
  0.46436  0.78449  0.15883  0.24121 0
  0.64805  0.11203  0.54594  0.20335 2
  0.57490  0.10500  0.18317  0.72273 2
  0.52374  0.14055  0.22287  0.21027 2
  0.12375  0.82839  0.95307  0.48968 0
  0.39578  0.49203 -0.03735  0.76745 0
  0.75825  0.21191  0.45673  0.51012 2
  0.96464  0.52734  0.75662  0.32751 2
  0.47554  0.17898  0.74668  0.58542 2
  0.73012  0.35526  0.05603  0.00733 0
  0.76210  0.30860  0.35045  0.16387 0
  0.68154  0.67518  0.17505  0.66138 2
  0.10331  0.80693  0.62489  0.44149 2
  0.83489 -0.04930  0.36055  0.34979 2
  0.82852  0.36740  0.64642  0.55370 2
  0.54081  0.81116  0.69049  0.02360 0
  0.84897  0.75626  0.88039  0.94166 2
  0.87989  0.55524  0.77721  0.08905 2
  0.63614  0.23382  0.67067  0.18474 1
  0.56046  0.35327  0.84704  0.40385 0
  0.18638  0.45481  0.12247  1.14602 0
  0.83207  0.51812  0.87265  0.92893 0
  0.85665  0.38151  0.52558  0.19659 0
  0.21645  0.32394  0.49517  0.57001 0
  1.11734  0.81470  0.26807  0.11222 2
  0.40104  0.15847  0.70978  0.70638 1
  1.09145  0.79513  0.59038  0.74204 2
  0.36796  0.24325  0.07095  0.84050 0
  0.16754  0.76246  0.12229  0.61733 0
  0.87299  0.51995  0.93687  0.36121 2
  0.87088  0.21948  0.27616  0.57285 2
  0.83669  0.23713  1.06378  0.76849 2
 -0.02315  0.36305  0.84160  0.77571 2
  0.27421  0.19153  0.83884  0.74576 0
  0.72430  0.76823  0.60221  0.44487 2
  0.48736  0.86868  0.11556  0.52623 0
  1.17834  0.52152  0.45855  0.35206 2
  0.02698  0.86762  0.49678  0.97795 2
  0.75287  0.28364  0.21083  0.44709 0
  0.43047  0.13105  0.76338  0.39976 1
  0.63472  0.11833  0.07382  0.27795 0
  0.66778  0.55168  0.18906  0.13948 0
  0.11838  0.57859  0.55487  0.46581 0
  0.42834  1.08934  0.79903  0.52874 2
  0.00784  0.48539  0.13571  0.35759 0
  1.02328  0.54590  0.07612  0.72956 2
  0.34313  0.67069  0.36115  0.09829 0
  0.18353  1.01791  0.66085  0.32136 2
  0.12955  0.72186  0.59820  0.13212 2
  0.27582  0.24188  0.27659  0.62812 1
  0.14098  0.29231  0.84227  0.16471 1
  0.40827  0.90317  0.30229  0.43798 2
  0.62412  0.33581  0.79163  0.82626 0
  0.25459  0.33337  0.64913  0.77076 0
  0.00566  0.85707  0.07608  0.43494 2
  0.94621  0.18636  0.57670  0.14106 2
  0.59113  0.76799  0.83649  0.72577 0
  0.31586  0.75364  0.60450  0.73235 0
  0.07980  0.25017  0.28630  0.39499 1
  0.83405  1.11779  0.48227  0.72618 2
  0.24483  0.55516  0.05492  0.52776 0
  0.61387  0.70575  1.02884  0.48484 0
  0.50874  0.28424  0.44213  0.56304 0
  0.67976  0.34346  0.35624  0.78945 2
  0.96467  0.38235  0.70262  0.96261 2
  0.48224  0.65250  0.61536  0.42254 0
  0.88834  0.24017 -0.01430  1.02539 2
  0.37197  0.53060 -0.09121  1.16790 0
  0.55608  0.13371  1.15148  0.68814 2
  0.27152  0.29263  0.53744  0.50845 0
  0.46971  0.57978  0.30424  0.13151 0
  0.55330  0.90869  0.32721  0.85348 2
  0.74756  0.12320  0.63780  0.86957 2
  0.19079  0.55683  0.71962  0.89741 0
  0.64036  0.30695  0.42654  0.40348 0
 -0.03484 -0.02991  0.82254  0.52714 1
  0.22808  0.60166  0.00982  0.37580 0
  0.79151  0.95270  0.23067  0.91746 2
  1.06961  0.49127  0.66247  0.60095 2
  0.31496  0.24055  0.42330  0.09940 2
  0.74864  0.88059  0.65179  0.37551 2
  0.57594  0.51488  1.03063  0.88335 0
  0.62351  0.35152  0.36764  0.90661 0
  0.40806  1.09587  0.59668  0.48221 2
  0.17395  0.98071 -0.08230  0.46366 2
  0.35628  0.05987 -0.19455 -0.06344 1
  0.82709 -0.00396  0.76737  0.61526 2
  0.66854  0.74236  0.57505  0.64045 0
  0.60396  0.49134  0.12919  0.71067 0
  0.83222  0.82359  0.34019  0.69327 2
  0.62654  0.84329  0.33182  0.09704 2
  0.76421  0.51166  0.75320  0.34431 2
  0.85693  0.18593  0.85291  0.05719 2
  0.86408  0.78530  0.68443  0.95096 2
  0.15769  0.92171  0.44013  0.75492 2
  0.02933  0.45672  0.29429  0.52578 2
  0.58617  0.96453  0.82433  0.21033 2
  0.46272  0.63619  0.62611  0.31212 0
  0.64621  0.93740  0.36475  0.29109 2
  0.34650  0.19322  1.05413  0.59113 0
  0.14952  0.74864  0.74700 -0.02300 0
  0.23947  0.62981  0.12802  1.01094 0
  0.56462  0.31601  0.44336  0.69625 0
  0.61289  0.44311 -0.12021  0.51735 0
  1.01978  0.18304  0.67903  0.70261 2
  0.00296  0.63859 -0.01214  0.46932 0
  0.44644  0.20735  0.02566  0.47128 0
  0.59715  0.58469  0.52393  0.85912 0
  0.44714  0.02993  0.32383  0.16362 2
  0.05437  0.59743  0.23272  0.56891 2
  0.41803  1.01584  0.27502 -0.10296 2
  0.68742  0.75834  0.15396  0.71598 2
  0.32118  1.00644  0.26037  0.34964 2
  0.70038  0.21492  0.55148  0.41134 2
  0.22068  0.06154  0.64753  0.02698 1
 -0.07824  0.63392  0.35080  0.07862 0
  0.13568  0.27681  0.25041  0.61352 1
  1.18548  0.69731  0.50558  0.42177 2
  0.77027  0.37160  0.88478  0.25626 2
  0.54575  0.87345  0.47812  0.64722 2
  0.94867  0.92962  0.06730  0.33210 2
  0.51346  0.06700  0.84219  0.22992 1
  0.47559  0.61383  1.05887  0.15890 0
  0.73753  0.41945  0.45265  0.91051 2
  0.27736  0.52274  0.39329  0.77406 2
  0.01497  0.31960  0.47913 -0.10537 0
  0.62554  0.78226  0.07814  0.83727 2
  0.32966  1.02914  0.06815  0.58427 2
  0.78314  0.01476  0.81441  0.15164 2
  0.71622  0.88994  0.74001  0.55064 2
  0.32599  0.05052  0.76283  0.36491 1
  0.28684  0.88414  0.80054  0.15404 2
  0.43665  0.02844  0.23871  0.62097 2
  0.51756  0.73151  0.75177  0.09472 0
  0.24460  0.88524  0.88870  0.55021 2
  0.76562  1.04612  1.03836  0.65929 2
  0.28270  0.59066  0.52267  0.91783 0
  0.99475  0.77289  0.46350  1.06969 2
 -0.15520  0.93860  0.38369  0.57300 2
  1.02053  0.84482  0.39039  0.41227 2
  0.26594  0.31990  0.07243  0.91158 0
  0.60116  0.93725  0.76713  0.58136 2
  0.20168  1.03586  0.02267  0.61316 2
  1.00605  0.57255  0.33334  0.18868 2
 -0.00669  0.96667  0.28362  0.38996 2
  0.13158  0.46083 -0.04934  0.88802 0
  0.64956  0.05136  0.17124  0.90760 2
  0.25722  0.78998  0.14815  0.07937 0
  0.05811  0.47124  0.58017  0.92967 0
  0.33390  0.49440  0.95665  0.41694 0
  0.03955  1.10046  0.00913  0.06081 2
  0.57497  0.87265  0.54406  0.33550 2
 -0.00510  0.46662  1.18817  1.06930 2
  0.28260  0.90739  0.12704  0.39012 2
  0.21817  0.02649  0.69705  0.87445 1
 -0.08894  0.18476  0.77055  0.20402 1
  0.80429  0.46946  0.23015  0.48186 0
  0.53362  0.62921  0.18920  0.36270 0
  0.83552  0.94395  0.36267  0.15447 2
  0.01838  0.15349  0.76783  0.72461 1
  0.83423  0.68015  0.27888  0.79149 0
  0.26041  0.54401  0.61037  0.81439 0
  0.90931  0.33221  0.15835  0.09630 2
  0.55804  0.85107  0.29040  0.87045 2
  0.40872  0.56336  0.44019  0.59148 0
  0.51426  0.16980  0.60692  0.05684 1
  0.03436  0.19694  0.48017  1.08455 1
  0.26475  0.93914  0.54110  0.18820 2
  0.50477  0.72520  1.02527  0.28248 0
  0.42230  0.90228 -0.01874  0.76640 2
  0.79763  0.48991  0.82774  0.97275 2
  0.68669  0.17159  0.09844  0.76396 2
  0.43836  0.27294  0.66755  0.53211 0
  0.95018  0.59176  0.12265  0.23769 2
  0.72281  0.20511  0.69554  0.55996 2
  0.47511  0.17444  0.83857  0.77630 0
  0.48400  0.31283  1.01924  0.40782 1
  0.86123  0.63746  0.18622  0.71327 2
  0.11403  0.14543  0.50978  0.13197 1
  0.15779  0.98853  0.43324  0.20634 2
  0.29075  0.23111  0.10047  0.78390 0
  0.36344  0.19017  0.12026  0.67132 0
  0.07411  0.88388  0.25212  0.61876 2
  0.01078  0.89333  0.72347  0.25556 2
  0.61237  0.28872  0.70739  0.02318 2
  0.41474  0.86102  0.55777  0.24411 0
  0.98073  0.52712  0.41829  0.60208 2
  0.10101  0.92394  0.88283  1.11260 2
  0.82361  0.43001  0.58717  0.39191 2
  0.63149  0.29287  0.08623  1.04522 0
  0.30311  0.11193  0.41102  0.00292 1
  0.04954  0.11150  0.74202  0.41032 1
  0.94053  0.06987  0.48007  0.10758 2
  0.87641  0.31111  0.57231  0.57859 2
  0.51683  0.27860  0.71727  0.65095 0
  0.22455  0.50464  1.03722  0.78428 0
  0.07076  1.20909  0.09362  0.16775 2
  0.14525  0.49327  0.27570  0.33069 0
  0.83601  0.27722  0.43949  1.15130 2
  0.12072  0.08235  0.47260  0.57080 1
  0.27077  0.08910  0.07962  0.20351 1
  0.27709  0.43130 -0.03412  0.64129 0
 -0.20865  0.44090  0.86764  0.74148 2
  0.43684  0.30873  0.71757  0.91782 0
  0.24876  0.75489  0.73998  0.15074 2
  0.64339  0.01815  0.35516  0.46473 1
  0.94032  0.14212  0.03260  0.31721 2
  0.13394  0.17160  0.60565  0.64506 0
  0.28289  0.28126 -0.08882  0.32877 0
  0.30099  0.39306  0.40586  0.55107 0
  0.32538  0.80066  0.02688  0.03647 2
  0.96729  1.05655  0.84973  0.95077 2
 -0.04583  0.30579  0.93655  0.85494 1
  0.29160  0.78466  0.59666  0.68541 2
  0.30918  0.82859  0.95273  0.09765 2
  0.22395  0.59835  0.36228  0.12226 0
  0.31621  0.33888  0.67873  0.24647 0
  0.66073  0.83087  0.27736  0.11259 2
  0.93926  0.44394  1.03041  0.58078 2
  0.78326  0.69457  0.17179 -0.06564 0
  0.81137 -0.16964  1.09130  0.75204 2
  0.38947  0.85184  0.33088  0.73139 2
  0.66185  0.31838  0.67812  1.09087 1
  0.34331  0.17290  0.43171  0.79418 1
  0.77524  0.69895  0.32277  0.09831 2
  1.02783  0.51391  0.65874  0.53020 2
  0.38841  0.56314  0.71244  0.52958 0
  1.13263  0.29425  0.78877  0.14732 2
  0.91354  0.56032  0.64518  0.57614 2
  0.94740  0.85424  0.05879  0.50628 2
  0.22687  0.53143 -0.01897  0.81241 0
  0.21028  0.52227  0.20758  0.14929 0
  0.82104  0.94661  0.05009  0.45579 2
  0.70287  0.27133  0.10466  0.36706 2
  0.59252  0.15694  0.24597  0.53033 2
  0.30034  0.53150  0.74018  0.25314 0
  0.28338  0.84468  1.02004 -0.17605 2
  0.61101  0.56980  0.21543  0.06456 0
  0.90327  0.56350  0.45080  0.78279 2
  0.31794  0.02563  0.28615  0.03852 1
  0.38047  0.14687  0.83763  0.83624 1
  0.16949  1.04745 -0.12016  0.67268 2
  0.53150  0.50578  0.09153  0.80607 0
  0.05000  0.56384  0.03432  0.22074 0
  0.20580  0.79320  1.02690  0.30033 2
  0.87734  0.47491  0.87692  0.09795 0
  0.53169  0.86224  0.24339  0.18414 0
  0.71289  0.49184  0.88263  0.89221 0
  0.52415  0.15018  0.32405  0.24559 0
  0.12927  0.68063  0.90794  0.74566 0
  0.35755  0.02956  0.04505 -0.07491 2
  0.24751  0.63801  0.37463 -0.02389 0
  0.09242  0.30426  0.77611  0.40138 1
  0.14030  0.78354  0.58671 -0.13926 2
  0.20596  0.22148  0.41426 -0.06964 0
  0.65079  0.40425  0.65671  0.96134 0
  0.79248  0.50172  0.23176  0.02483 2
  0.46392  0.66417  0.69122  0.60830 0
  0.43352  0.35280  1.02285  0.03905 0
  0.81109  0.36218  0.80162  0.61834 2
  0.99191  0.82760  0.43620  0.56284 2
  0.62164  0.90120  0.57817  0.08800 2
  0.15908  0.19144  0.44952  0.20903 2
  0.53924  0.71990  0.22587  0.85909 2
  0.12592  1.05466  0.43511  0.63073 2
  0.07290  0.14580  0.09702  0.66785 0
  0.69053  0.97620  0.20860  0.50353 2
  0.94591  0.83705  0.25489  0.99157 2
  0.17451  0.54579  0.47460  1.06593 0
  0.94734  0.05691  0.19309  0.97807 2
  0.17335  0.46774  0.48085  0.88756 0
  0.00458  0.24925  0.24311  0.69491 1
  0.74625  1.00931  0.23485  0.30699 2
  0.07327  0.74909  0.53335  0.95924 2
  0.44634  0.53252  0.70733  0.87339 0
  0.40587  0.69134  0.61539  0.05016 0
  0.61371  0.66985  0.67858  0.05986 0
  0.62765  0.66134  0.32489  0.65132 0
  0.62963  0.85208  0.68077  0.58188 2
  0.99836  0.37405  0.27338  0.81933 2
  0.73668 -0.02825  0.43931  0.83805 2
  0.68432  0.94786  0.61633  0.27777 2
  0.57779  0.62144  0.52302  0.55351 0
  0.00349  0.95985  0.71826  0.39319 2
  0.17975  0.39892  0.24899  0.93895 0
  0.33799  0.78473  0.31894  0.66769 2
  0.08805  0.91605  0.21197  0.14634 2
  0.07541  1.13334  0.27405  0.37670 2
  0.87388  0.41033  0.45542  0.56204 2
  0.71990  0.26526  0.66455  0.39038 2
  0.90105  0.96369  0.10522  0.83087 2
  0.33583  0.61478  0.98805  0.12516 0
  0.15016  0.38564  0.15232  0.53089 0
  0.39651  0.73105  0.89099  0.57040 0
  0.70888  0.52885  0.42459  0.71413 2
 -0.01686  0.97056  0.61363  1.01309 2
  0.40581  0.52912  0.86627  0.13083 0
  0.49185  0.94508 -0.12490  0.28248 2
  0.09151  0.08687  0.35540  0.61360 1
  0.66256  0.70713  0.30817  0.86445 0
  0.23591  0.42199  0.41793  1.04299 0
  0.26443  0.05534  0.64499  0.84213 1
  0.12816  0.63907  0.07743  0.32895 0
  0.08711  0.45343  0.02022  0.72622 2
  0.61204  0.18809  0.37917  0.57880 0
  0.08117  0.57111  0.22473  0.37330 0
  0.64836  0.04298  0.39317  0.49037 2
  0.03053  0.53185  0.29754  0.16013 0
  0.10697  0.63381  0.85606  0.67685 2
  0.17444  0.42745  0.24428  0.21355 0
  0.03224  0.49147  0.29362  0.51297 2
  0.96467  0.42800  0.28127  0.71236 2
 -0.02914  0.34786  0.94073  0.78800 2
  0.36783  0.27463  0.22991  0.84669 2
  0.33449  0.76179  0.39766  0.22538 0
  0.24750  0.92293  0.06101  0.50826 0
  0.84599  0.00868  0.16473  0.01053 2
  0.16128  0.38992  0.94859  0.19245 0
  0.05044  0.12174  0.80928  0.35125 0
  0.67557  1.02663  0.73912  0.76706 2
  0.37877  0.48509  0.73156  1.08918 0
  0.73921  0.54936  0.56863  0.83208 2
 -0.04657  0.31009  0.62830  0.04319 1
 -0.08858  0.68844  0.69000  0.86554 2
  0.05156  0.16280  0.76459  0.24285 1
  0.89495  0.52205  0.47288  0.98038 2
  0.34577  0.67143  0.87386  0.10992 0
  0.87588 -0.02339  0.81268  0.95221 2
  0.61193  0.69709  1.06510  0.21552 0
  0.88808  0.64116  0.83486  0.45766 2
  0.67778  0.11893 -0.12614  0.04142 2
  0.96130  1.08665  0.72918  0.78099 2
  0.26391  1.14977  0.09619  1.06004 2
  0.52256  0.53700  0.00964  0.69002 0
  0.25017  0.14439  0.35449  0.58798 1
  0.70188  0.70979  0.28383  0.30370 2
  0.14095  0.75090  1.01272  1.14225 0
  0.77662  0.94621  0.36903  0.41436 2
 -0.09154  0.74793  0.63918  0.17957 0
 -0.04256  0.30942  1.06693  0.13135 0
  0.33724  0.55915  0.50267  0.29617 0
  0.65124  0.78319  0.33686  0.04432 0
  0.43544  0.70239  0.95650  0.85496 0
  0.90198  0.91371  0.79412  0.41578 2
  0.72134  0.48933  0.70944  0.64855 0
  0.17704  0.61565  0.64518  0.64457 0
  0.81190  0.92093  0.70569  0.78885 2
  0.44110  0.97712  0.72355  0.97385 2
  0.59481  0.62333  0.18332  0.77426 0
  0.93371  1.07304  0.77410  0.25222 2
  0.54700  0.31965  0.20968  0.80965 2
  0.36720  0.40585  0.96153  0.59134 0
  0.11711  0.00391  0.07492  0.66618 1
  0.16848  1.02142  0.87211  0.04865 2
  0.85614  0.58012  0.02361  0.64910 2
  0.51373 -0.05563  0.74450  0.00886 1
  0.40861  0.36411  0.77320 -0.00822 0
  0.96037  0.47206  0.62914  0.85230 2
  0.38649  0.16720  0.67355  0.84667 2
 -0.01254  0.91179  0.33015  0.69986 2
  0.17654  0.11873  0.35573  0.93124 1
  0.33140  0.48349  1.05214  0.88726 0
  0.57634  0.40603  0.17307  0.84891 0
  0.61673  0.67023  0.37275  0.12315 2
  0.39340  0.07492  0.34625  0.65730 0
  0.07137  0.03958  0.54288  0.62585 1
  0.26250  0.03410  0.74632  0.07855 1
  0.85910  0.59334  0.76190  0.11272 2
  0.81106  0.91716  0.75075  0.55881 2
 -0.09188  1.12410  0.45529  0.27120 2
  0.81886  0.42527  0.95544  0.54714 2
  0.35631  0.13284  1.10905  0.37499 1
 -0.05895  0.97726  0.01266  1.04647 2
  0.87756  0.90284  0.20714  0.73749 2
  0.43174  0.28195  0.72750  0.61653 0
  0.41878  0.80521  0.35726  1.02344 2
  0.48904  0.76997  0.54362  0.78436 0
  0.39174  0.21372  0.72674  0.81054 0
  0.92646  0.44914  1.15315  0.35231 2
  0.16817  0.20140  0.82711  0.26686 0
  0.42455  0.56597  0.51849  0.98349 0
  0.59094  0.22597  0.78246  0.30115 0
  1.00130  0.25558  1.00347  0.34845 2
  0.10345  0.88126  1.12161  0.24583 2
  0.14177  0.34236  0.96702  0.78039 0
  0.79149  0.57806  0.38515  0.93230 2
  0.20519  0.10203  0.89825  0.74006 1
  0.47832  0.64562  0.93098  0.52705 0
  0.70105  0.58545  0.47447  0.25751 2
  0.62142  0.67513  0.88556  0.36735 2
  0.64714  0.52867  0.45044  0.13524 0
  0.91698  0.74028  1.05901  0.38840 2
  0.24249  0.74182  0.72019  0.56186 2
  0.81867  0.25300  0.36684  0.50635 2
  0.77213  0.23411  0.73185  0.30466 2
  0.68431  0.43345  0.53564  0.48211 0
  0.74140  0.61929  0.35497  0.51312 2
  0.85872  0.06891 -0.08313  0.84851 2
  0.12009  0.82592  0.83796  0.93585 2
  0.97146  0.76272  0.37423  0.09768 2
  0.89720  0.75799  0.27339  0.14255 2
  0.28506  0.58154  0.54139  0.46570 0
  0.47854  0.39736  0.12680  0.07250 0
  0.10563  0.51356  0.44811  0.01976 0
  0.42238  0.32642  1.05870  0.72505 0
  0.16348  0.45400  0.48829  0.45727 0
  0.41827  0.11947  0.01299  0.42775 0
 -0.14212  0.07812  0.57176  0.92527 1
  1.00947  0.77330  0.23760  0.96431 2
  0.66033  0.01890  0.04764  0.81885 0
  0.78173  0.79803  0.61714  0.18847 2
  0.79302  0.14849  0.79331  0.44221 2
  0.03877  0.39515  0.32562  0.53841 0
  0.39527  0.22766  0.73098  0.40814 0
  0.07113  0.31079  0.90130  0.38112 0
  0.61367  0.57775  0.70674  0.34350 0
  0.58757  0.56609  0.55004  0.76551 2
  0.63095  0.45955  0.71272  0.36448 0
  0.71859  1.05257  0.58021  0.86283 2
  0.29975  0.85311  0.93565  0.66791 2
  0.23125  0.15990  0.77289  0.71742 1
  0.64699  0.07862  0.14149  0.43117 2
  0.07739  0.20784  0.45950  0.62292 1
  0.21118  0.00912  0.20311  0.30035 1
  0.49399  0.41921  0.01162  0.84609 0
  0.61599  0.54069  0.98922  0.83207 0
  0.04435  0.67496  0.11683  0.68060 2
  0.10351  0.14115  0.79324  0.38490 1
 -0.10430  0.31095  0.16714  0.69448 0
 -0.14794  0.28236  0.84357  0.64340 1
  0.65014  0.54601  0.68940  0.85747 0
  0.73515  0.84756  0.53663  0.17301 0
  0.46654  0.81582  0.86308  0.84246 2
  0.15173  0.52434  0.34533  0.26497 0
  0.16837  1.01143  0.69485 -0.15843 2
  0.87297  1.05130  0.35405  0.15477 2
  1.04200 -0.07456  0.14194  0.79681 2
  0.15035  0.30653  0.90011  0.39548 0
  0.55275  0.41307  0.94833  0.53159 0
  0.51094  0.56913  0.12251  0.06521 0
  0.02720  0.38284  0.82054  0.96930 0
  0.68071  0.36095  0.48381  0.48264 0
  0.36220  0.89140  0.85651  0.42356 2
  0.24943  1.05346  0.43876  0.93526 2
  0.81829  0.52332  0.54890  0.10903 0
  0.04124  0.86901  1.01620  0.85458 2
  0.38187  0.28823  0.31771  0.64050 1
  0.09976  0.11827  0.54709  0.11750 1
  0.70196  0.68600  0.96797  0.29075 0
  0.77059  0.08176  0.50233  0.86435 2
  0.94902  0.73717  0.20164  0.06253 2
  0.30444  0.76641  0.72044  0.93442 0
  0.02538  0.68281  0.34024  0.28114 0
  0.89093  0.66517  0.89605  0.29044 2
  0.92432  0.87111  0.89329  1.14545 2
  0.82131  0.88996  0.57192  0.62246 2
  0.08250  0.76385  0.67043  0.89064 0
  0.26905  0.22848  0.77219  0.31674 0
  0.18316  0.47861  0.28809  0.34469 0
  0.55252  0.13070  0.88600 -0.01388 2
 -0.12249  0.13301  0.17385  0.73113 1
  0.61566  0.54476  0.87239  0.67778 2
  0.72575  0.33134  0.18439 -0.08963 2
  0.19167  0.40609 -0.06075  0.71411 1
  0.23647  0.85436  0.54719  0.61439 2
 -0.00384  0.83403  0.94614  0.44951 2
  0.60318  1.02727  0.75329  0.14056 2
  0.45114  1.12642  0.17734  0.00057 2
  0.17882  0.75514  0.41091  0.04710 0
  1.04430  0.67217  0.49376  0.77946 2
  0.11419  0.95350  0.73733  0.07352 2
  0.91345  0.27922  0.82604  0.15586 2
  0.90014  0.03103  0.98615  0.93931 2
  0.98505  0.86016  0.80692  0.23434 2
  0.08195  0.17187  0.75017  0.45752 1
  0.10591  0.77954  0.47821  0.23776 2
  0.33570  0.47478  0.37442  0.11787 0
  0.78753  0.93346 -0.11645  0.54089 2
 -0.00836  0.27257  0.54678  0.30124 1
  0.76515  0.34440  0.78294  0.07158 2
  0.11849  0.19375  0.29930  0.30149 1
  0.08022  0.71540  0.98024  0.28638 2
  0.78497  0.99854  0.62470  0.19161 2
  0.48701  0.69434  0.48029  0.03697 0
  0.83437  0.48512  0.31942  0.54174 2
  0.47743  0.65529  0.50919  0.82506 0
  0.21583  0.37058  0.56126  1.01593 0
  0.84832  0.48358  0.69794 -0.08502 2
  0.24525  1.06817  0.22387  0.06660 2
  0.65177  0.48081  0.67066  0.09705 0
  0.89820  1.00190  0.50234  0.96123 2
  0.59327  0.54787  0.17006  0.12362 0
  1.04233  0.42271  0.03482  0.34141 2
  0.20637  0.27838  0.57755  0.19283 0
  0.06147  0.71000  0.84904  0.19113 0
  0.43465  0.16193  0.09459  0.56211 0
  0.50307  0.51743  0.92535  0.29275 0
  0.88133  0.94001  1.00140  0.09316 2
  0.38819  0.95125 -0.02831  0.73588 2
  0.39950  0.24533  0.83987 -0.00871 0
  0.26577  0.29998  0.59394  0.35750 1
  0.51773 -0.01071  0.16538  0.85399 2
  0.46432  0.23188  0.58117  0.69500 0
  0.15140  0.89594  0.43278  0.09782 2
  0.31696  0.18486  0.42077  0.36886 1
  0.46055  0.45979  0.08749  0.87311 1
  0.50682  0.78248  0.82733  0.43414 0
  0.86572  0.55827  0.67642  1.19970 2
  0.35654  0.85330 -0.07044  0.46471 0
  0.29027  0.38054  0.92458  0.62115 0
  0.00857  0.97455  0.45767  0.93244 2
  0.95041 -0.09401  0.58864  0.98771 2
  0.08880  0.80781  0.76163  0.78838 2
  0.86944  0.95991  0.38253  0.44478 2
  0.25951 -0.05422 -0.01801  0.55680 1
  0.21664 -0.01347  0.71942  0.82953 1
  0.56859  0.22364  0.17136  0.03988 0
 -0.13127  0.77294  0.28948  0.52903 2
  0.60261  0.59002  0.43523 -0.18984 0
  0.58325  0.57649  0.80917  0.75000 2
  0.00724  0.27993  0.36762  0.43386 1
  0.86871  0.11174  0.91869  0.17984 2
  0.91153  0.26243  0.10017  0.71820 2
  0.34025  0.63880  0.90891  0.24358 0
  0.63070  0.97486  0.56686  0.57819 2
  0.51117  0.49930  0.57097  0.68656 0
  0.43253  0.53946  0.58426  0.31261 0
  0.47055  0.02345  0.28525 -0.00605 1
  0.02236  0.15739  0.15574  0.84296 1
  0.66096  0.66037  0.09866  0.12280 2
  0.24222  0.86879  0.78053  0.23506 0
  0.46708  0.77406  0.27034  0.33330 0
  0.82391  0.28788  0.57315  0.19440 2
  0.75143  0.83612  0.15947  0.38786 2
  0.97881  0.06651  0.78693  1.17568 2
  0.74720  0.22578 -0.05671  0.63451 2
  0.79012  0.96474  1.00038  0.33255 2
  0.41460  0.05260  0.55726  0.78853 1
  0.23809  0.54192  0.46507  0.68095 0
  0.35001  0.68226  0.01946  0.18127 0
  0.23512  0.85832  0.93842  0.51392 2
  0.22778  0.15428  0.10149  0.26115 0
  0.39109  0.11647  0.44672  0.02695 0
  1.09596  0.54108  0.86675  0.20535 2
  0.40580  0.29973  0.96869  0.51918 0
  0.27968  0.04464  0.42806  0.43163 1
  0.74571  0.18373  0.09369  0.44230 2
  1.01866  0.97137  0.62580  0.71533 2
  0.42643  0.66137  0.65280  0.52942 0
  0.77362  0.93271  0.21844  0.45528 2
  0.56912  0.29384  0.72079  0.63323 0
  0.82919  0.65578  0.41124  0.60507 2
  0.12201  0.67760  0.71589  0.83603 2
  0.03651  0.52748  0.15486  0.16690 2
  0.47938  0.85464  0.76957  0.89803 0
  0.34029  0.57984  0.75429  0.83701 0
  0.82170  0.24753  0.81679  0.66344 2
  0.38129  0.69911  0.71311  0.67189 0
  0.17105  0.46943  0.14794  0.47492 0
  0.25205  0.15855 -0.11128  0.88190 0
  0.64780  0.87840  1.01217  0.57389 2
 -0.05645  0.35878  0.52360  0.67789 1
  0.26910  0.92049  0.18338  0.34758 0
  0.98283  0.64229  0.26423  0.87981 2
 -0.05713  0.56154  0.66540  0.48661 2
  0.36933  0.87642  0.86368  0.85607 2
  0.49020  0.71373  0.84872  0.33959 0
  0.58860  0.73388  0.74440  0.70450 2
  0.68107  0.33296  0.78907  0.15440 2
  0.69506  0.42211  0.84136  0.35027 2
 -0.04647  0.55826  0.04313  0.47559 0
  0.16419  1.03434  0.73099  0.34014 2
  0.26302  0.77050  0.32056  0.26890 0
  0.08009  0.40490  0.77478  0.83533 0
  0.17394 -0.15273  0.30191  0.47132 1
  0.78928  0.13302  0.41144  0.28686 2
  0.23037 -0.12599  0.74720  0.23567 1
  0.22580  1.01751  0.24608  0.23650 2
  0.76873  0.14685  0.24892 -0.03447 2
  0.82541  0.43310  0.27955  0.65689 2
  0.20591  0.86461  0.38612  0.16706 2
  0.34261 -0.02598  0.80528  1.16841 1
  0.22274  0.33982  0.64172  0.71040 1
  0.40053  0.56168  0.46035  0.37398 0
  0.63502  0.82012  0.28349  1.01459 0
  0.15042  0.17161  0.78101  0.83433 1
  0.30711  0.94606  0.88019  0.39152 2
  0.34176  0.16871  0.78870  0.60028 0
  1.00905  0.04376  1.03887 -0.01789 2
  0.30767  0.24569  0.28515  0.16638 0
  0.32171  0.67539  0.64833  0.83221 0
  0.16363  0.82298  0.28739  0.38009 2
  0.37241  0.73674  0.63789  0.58990 0
  0.78178  0.63246  0.18639  0.62147 2
  0.44676  0.99395  0.17999  0.28296 2
  0.67767  0.43148  0.83452 -0.02921 0
  0.33532  0.28832  0.61981  0.94333 0
  0.38742  0.62556  0.26718  0.41727 0
  0.98582  0.15188 -0.06079  0.22915 2
  0.83396  0.10114  0.78371  0.17472 2
  0.49239  0.33693  0.51295 -0.05432 1
  0.35325  0.20290  0.57355  0.22329 1
  0.84648  0.05240  0.20796  0.54157 2
  0.28351  0.52501  0.58279  0.27549 0
  0.73771  0.38713 -0.09161  0.67842 0
  0.85868  0.53717  0.45476  0.83094 2
  0.65759  0.85347  0.67030  0.80606 2
  0.56138  0.80087  0.83531  0.77446 0
  0.48061  0.63369  0.59005  0.56577 0
  0.51845  0.66449  0.26780  0.41603 2
  0.38264  0.65650  0.39615  0.60499 0
  1.03871  0.16196  0.04652  0.25517 2
  0.93028  0.77349  0.55484  0.66595 2
  0.97644  0.14300  0.14695  0.68056 2
  0.25031  0.10108  0.63961  0.04859 1
  0.02626  0.85460  0.63512  0.84468 2
  0.19123  0.90111  0.50414  1.02029 2
  0.45122  0.81653  0.59854 -0.04936 2
 -0.00098  0.93263  0.55534  1.03934 2
  0.32573  0.41818  0.22343  0.48650 0
  0.65794  0.45083  0.58382  0.87029 2
  0.52039  0.87471  0.23116  0.09558 2
  0.63611  0.06334  0.22879  0.81386 0
  0.72022  0.89723  0.29370  0.54527 2
  0.06047  0.62705  0.47362 -0.04010 0
  0.64624  0.54114  0.38638  0.37843 0
  0.49529  0.21588  0.27289  0.16245 0
  0.07011  0.78132  0.59622  0.32579 2
  0.96894  0.45814  0.09304  0.90147 0
  0.92974  0.15422  0.45356  0.94663 2
  0.32184  0.30465  0.37495  0.39366 0
  0.57641  1.10186  1.05314  0.23264 2
  0.14629  1.06391  0.66149  0.14241 2
  0.23514 -0.01624  0.35716  0.67737 1
  0.49359  0.45191  0.39227  0.69780 0
  0.22890  0.26672  0.95660  0.71611 1
  0.17784  0.31814  0.34434  0.02990 1
  0.06439  0.62825  0.79944  0.46214 0
  0.36429  0.76880  0.49858  0.48972 0
  0.32946  0.31028  0.70079  0.61159 1
  0.95759  0.78119  0.76666  0.42371 2
  0.31159  0.68235  0.71133  0.71322 0
  0.71865 -0.02303  0.42801  0.40018 2
  0.36643  0.72175  0.54231  1.01497 0
  0.83562  0.93864  0.49652  0.50605 2
  0.37764  0.26878  1.10821  0.66848 1
  0.61241 -0.00192  0.19847  0.79236 2
  0.69941  0.21601  0.74018  0.67457 2
  0.40258  0.55820  1.07892  0.81983 0
  0.45343  0.70863  0.64633  0.60911 0
  0.68750  0.46816  0.17315  0.86076 0
  0.35092 -0.03867  0.14079  0.20125 1
  0.06195  0.44805  0.81295  0.85605 2
  0.59397  0.44054  0.38678  0.72596 0
  0.88944  0.04077  0.25186  0.09027 2
  0.75940  0.51021  0.67086 -0.01311 2
  0.33442  0.06123  0.37450  0.95429 1
  0.21814  0.55715  0.25077  0.41870 0
  0.86875  0.30708  0.78683  1.02768 2
  0.27102  0.26516  0.15907  0.12624 0
  0.78451  0.88016  0.84208  0.31001 2
  0.17346  0.43804  0.61464  0.67035 0
 -0.16704  0.57299  0.36873  0.23072 2
  0.43450  0.53277  0.32129  0.69969 0
  0.84998  0.56432  0.00959  0.53878 2
  0.99426  0.30402  0.53407  0.34329 2
  0.14262  0.86710  0.11023  0.89854 2
  0.32353  0.94991  0.69968  0.00926 2
  0.43003  0.76550  0.47780  0.85489 0
  0.38655  0.24327  0.60872  0.52607 0
  0.22399  0.21719  0.34470  0.49827 1
  0.09325  0.17314  0.10769  0.29044 1
  0.77368  0.92004  0.90702  0.38823 2
  0.37337  0.31876  0.89431  0.73648 0
  0.74322  0.50184  0.77657  0.87372 2
  0.68262  0.84655  0.54305  0.93670 2
  0.87751  0.28040  0.01961  0.53136 2
  0.91638  0.57441  0.65769  0.06004 2
  0.17217  0.57428  0.67790  1.07434 0
  0.39327  0.46150  0.97967  0.65214 0
  0.17544  0.24662  0.16431  0.68081 1
  0.25177  0.40264  0.11654  0.06520 0
  0.20085  0.71914  0.89416  0.32579 0
  0.49137  0.16143  0.81221  0.72686 1
  0.15238  0.87803  0.57551  0.57621 2
  0.51572  0.47392  0.52767  0.09391 0
  0.70642  1.08826  0.30179  1.06372 2
  0.06657  0.90321  0.03775  0.83921 2
  0.99716  0.38013  0.67940  0.59664 2
  0.08667  0.72062  0.36758  0.30578 0
  0.60162  0.48944  0.82505  0.32647 2
  0.71305  0.16539  0.76904  0.94467 2
  0.20904  0.45822  0.76404  0.70225 2
 -0.08902  0.15527  0.81357  0.52585 1
  0.14985  0.43819 -0.03759  0.52188 0
  0.35292  0.62350  0.12602  0.62869 0
  0.20963  0.10178  0.65877  0.46884 1
  0.05382  0.00953  0.46684  0.22496 1
  0.31894  0.78139 -0.09649  0.59974 0
  0.91821  0.00981  0.49138  0.30601 2
  0.75557 -0.00711  1.03645  0.39573 2
  0.70254  0.99059 -0.06187  0.71202 2
  0.83034  0.46988  0.62262  0.55477 2
  1.00711  0.49937  0.34721  0.35213 2
  0.86390  0.90113  0.79669  0.30282 2
  0.57441  0.45078  1.12095  0.87286 0
  0.61557  0.37803 -0.07927  0.44607 0
  0.28429  0.25947  0.52670  0.43116 0
  0.78944  0.71121  0.25129  0.24083 2
  0.33689  0.56733  0.50336  0.73309 0
  0.13730  0.55504  0.38272  0.47171 0
  0.40657  0.59743  0.65202  0.11094 0
  0.26839  0.58381 -0.02657  0.51540 0
  0.81973  0.27032  0.04311  0.82473 0
  0.82535  0.53038  0.60498  0.13321 0
  0.32250  0.50571  0.08112  0.78584 0
  0.04138  0.94955  0.92530  0.79112 2
  0.18437  0.38602  0.86967  0.55800 0
  0.20585  0.72023  0.64702  0.59363 0
  1.02690  0.12406  1.01194  0.24515 2
 -0.03925  0.54910  0.58268  0.03821 0
  0.63579  0.87605  0.16490  0.85143 2
  0.74292  0.38264  0.97052  0.80375 0
  0.68244  0.69368  0.43528  0.31239 2
  0.34161  0.52140  0.04759  0.33231 0
  0.55537 -0.11716  0.90815  0.79028 1
  0.65500  0.45438  0.82414  0.84119 0
  0.51775  0.43903  0.72391  1.02930 0
  0.03406  0.96271  0.44114  0.94814 2
  0.15861  0.64632  0.00254  0.70213 0
 -0.03004  0.27704  0.71415  0.69178 1
  0.09407  0.70471  0.17340  0.39109 2
  0.65422  0.19400 -0.02266  1.08909 0
  0.79423  0.81066  0.48421  1.05304 2
  0.55477  0.50923  0.74016  0.83992 2
  0.11373  0.39891  0.11775  0.41330 0
  0.01539  0.44978  0.51204  0.51222 2
  0.00717  1.00594  0.36317  0.32036 2
  0.32960  0.07644  0.59433  0.36886 0
  0.24034  0.01994  0.10067  0.75450 1
  1.19819  0.95565 -0.03465  0.32395 2
  0.48298  0.68327  0.96460  1.08493 2
  0.35908  0.62996  0.56414  0.62185 0
  0.24317  0.50890  0.78150  0.83002 0
  0.85293  0.47244  0.04004  0.90619 2
  0.65898  0.38383  0.19027  0.62258 2
 -0.03744  0.08931  0.31870  0.07586 1
  0.07945  0.07821  0.73869 -0.06790 1
  0.75135  0.98128  0.34031  0.88270 2
  0.17082  0.91962  0.76207  0.54540 2
  0.03308  0.55729  0.24606  0.54687 2
  0.75262  0.19765  0.52865  0.97973 2
  0.81851  0.80680  0.68399  0.86165 2
  0.68561  0.65661  1.08191  0.42529 0
  0.35633  0.50912  0.53692  0.71992 0
  0.80495  0.25383  0.55447  0.13377 0
  1.11072  0.75259  0.86822  0.85420 2
  0.66295  0.65558  0.49790  0.20192 0
  0.63684  0.22672  0.61894  1.01714 2
  0.47617  0.04351  0.44648  1.19151 2
  0.46755  0.62040  0.84183  0.68230 0
 -0.08403  0.86874  0.35747 -0.10688 2
  0.47443  0.46340  0.26355  0.19920 0
  0.79090  0.18403  0.29427  0.66056 2
  0.92511  0.24529  1.05436  0.47304 2
  0.73725 -0.01595  0.77686  0.30842 2
  0.34199  0.21655  0.68369  0.63813 0
  0.67979  0.02561  0.65149 -0.03467 2
  0.08073  0.75001  0.34771  0.65794 2
  0.69299  0.25409 -0.03593  0.38809 0
  1.11118  0.89501  0.15857  0.64229 2
  0.89208  0.32328  0.70489  0.70403 2
  0.81827  0.76355  0.46358  0.37689 2
  0.66456  0.24751  0.38109  0.22171 0
  1.08840  0.47240  0.10140  0.29511 2
  0.52207  0.22897 -0.06303  0.05095 0
  0.43448  0.35344  0.68741  0.87898 0
  0.62828  0.25701  0.47667  0.52149 0
  0.61010  0.55620  1.00461  0.41372 2
  0.19261  0.37124  0.74390  0.72997 0
  0.46307  0.24376  0.43276  0.79063 0
  0.65497  0.96539  0.99855  1.01218 2
  0.91683  0.15546  0.85809  0.80218 2
 -0.04718  0.95812  0.88533  0.50910 2
  0.95823  0.95710  0.76883  0.31674 2
  0.39529  0.30498  0.41323  0.92130 0
  0.43680  0.73609  0.43345  0.62739 2
  0.85069  0.25021  0.56995  0.64706 2
  0.70445  0.30068  0.57839  0.65036 2
  0.25852 -0.02905  0.09556  0.37331 1
  0.79548  0.11570  0.63721  1.14737 0
  0.98982  0.49836  0.49260  0.93541 2
  0.13350  0.47255  0.72572  0.54552 0
  0.34250  0.54172  0.81054  0.57559 0
  0.78035  0.30137  0.12785  0.44952 2
  0.56353  0.21626  0.75225  0.65372 2
  0.33056  0.78945  0.75608  0.79591 2
  0.80469  0.64653  0.38703  0.73777 2
  0.77211  0.75226  0.45655  0.10056 2
  0.60082 -0.02828  0.60997  0.48965 1
  0.32920  0.26908  0.02212  0.91664 0
  1.05606  0.55472  1.00065  0.30130 2
 -0.01013 -0.00102  0.26178  0.58500 1
  0.89187  0.38892  0.87230  0.83585 2
  0.81318  0.70011  0.36664  0.87306 2
  0.78605  0.35917  0.57646  0.69378 2
  0.25769  0.40606  0.74662  0.75199 0
  1.05024  0.34073  0.23391  0.76384 2
  0.76991  0.17423  0.48015  0.61699 2
  0.66599  0.46358  0.34531  0.80548 2
  0.57268  1.10978  0.29089  0.84106 2
  0.48019  0.55302  0.93068  0.74553 0
 -0.00361  1.01750  1.01884  0.02023 2
  0.80160  0.24923  0.18237  0.48244 2
  0.48887  0.31057  0.57124  0.57477 0
  0.48963  0.66283  0.47643  0.49418 0
  0.25249  0.31345  0.43418  0.78969 0
  0.32986  0.62844  0.52917  0.96032 0
  0.80199  0.87114  0.73024  0.89359 2
  0.19906  0.15231 -0.00213  0.50693 1
  0.64419  0.07417  0.40571  0.32534 2
  0.56967  0.21462  0.59315  0.32897 1
  0.96223  0.60748  0.97052  1.08942 2
  0.24910  0.74758  0.05763  0.18429 0
  0.40861 -0.02153  0.09630  0.82152 1
  0.89114  0.13345  0.24785  0.60428 2
  0.04864  0.59802  0.58730  0.89355 0
  0.09266  0.36607  0.52684  0.45647 0
  0.14482  0.83318  0.98505  1.12630 2
  0.31062  0.30502  0.64550  0.51128 0
  0.87345  0.66941  0.50718  0.37163 2
  0.44213  0.03756  0.71333  0.88235 1
  0.15983  0.22036  0.75166  0.22513 2
  1.04275  0.91656  0.73453  1.02268 2
  0.80277  0.15592  0.91891  0.81833 2
  0.15265  0.53295  0.77371  0.03452 0
  0.28890  0.18816  0.16658  0.10900 0
  0.06909  0.86004  0.92604  0.19687 2
  1.00337  0.66821  0.20497  0.73484 2
  0.83735  0.40338  0.30269  0.80336 0
  0.68659  0.34452  0.55573  0.59065 2
  0.62891  0.70863  0.44280  0.69992 2
  0.72378  0.97628  0.37505  0.06872 2
  0.12753  0.24720  0.87814  0.49841 0
  0.39932  0.42285  0.17077  0.96694 0
  0.36367 -0.00084  0.53407  0.78064 1
  0.62748  0.38200  0.76017  0.64778 2
  0.97275  0.68397  0.21288  0.07875 2
  0.57496 -0.00629  0.05661  0.67513 2
  0.91848  0.47348  0.71353  0.10253 0
  1.13880  0.91580  0.17031  0.80004 2
  0.96817  0.84532  0.68137  0.30709 2
  0.49548  0.08119  0.10839  1.00553 1
  0.87928  0.45965  0.29634  0.44863 2
  0.60396  1.11950  1.24488  0.96006 2
  0.29143  0.32326  0.92755  0.86479 0
  0.65642  0.87904  0.51582  0.61131 2
  0.16156  0.30302  0.20849  0.09535 0
  0.66748  0.11502  0.10245  0.26752 2
  0.15808  0.64211 -0.01337  0.61576 2
  0.86254  0.44327  1.05116  0.64925 2
  0.17256  0.08681  0.52798  0.43882 1
  0.85013  0.70157  0.55672  0.63832 2
  0.85092  0.94412  0.48167  1.00773 2
  0.54557  0.52785  0.37911  0.64843 0
  0.47649  0.28601  0.81739  0.14620 0
  0.57789  0.86279  1.06097  0.90082 2
  0.41434  0.72064  0.28523  0.44435 0
  0.72335  0.05119  0.27982  0.45960 1
  0.39395  0.95178 -0.12486  0.02045 2
  0.88225  0.62601  0.39557  0.77570 2
  0.38180  0.23967  0.86979  1.03891 0
  0.31773  0.31727  0.50263  0.62421 1
  0.28420  0.36036  0.43119  0.43747 0
  0.36376  0.53937  0.31507  0.53300 0
  0.33598  0.53721  0.70328  0.11282 0
  0.66676  0.78107  0.34898  0.95763 0
  0.67237  0.65141  0.81524  0.34910 2
  0.24098  0.62493  0.86897  0.30247 0
  0.24460  0.62456  0.51268  0.83545 0
  0.63693  0.44671  0.66034  0.81462 0
  0.06454  0.61885  0.91734  0.78531 0
  0.93591  0.58079  0.10183  0.07267 2
  0.77448  0.72602  0.44586  0.69148 2
 -0.02550  0.94826  0.70522  0.67099 2
  0.69520  0.00173  0.47080  0.64959 2
  0.83331  0.00504  0.86105  0.25830 2
  0.48794  0.82563  0.71103  0.48230 2
  0.48550  0.51838  0.49543  0.43795 0
  0.76637  0.69891  0.24921  0.08136 0
  0.49043  0.99157  0.55880  0.36657 2
  0.88805  0.23470  0.59478  0.62669 2
  0.64890  0.20307  0.13750  0.75859 2
  0.82460  0.04604  0.74126  0.34225 2
  0.95896  0.77308  0.92464  0.26367 2
  0.67214  0.19182  0.06657  0.36720 0
  0.76021  1.18584 -0.01623  0.72070 2
  0.19077  0.94489  0.52373  0.26358 2
  0.65558  0.64048  0.11262  0.07858 0
  0.06439  0.49517  0.20848  0.18018 0
  0.74325  0.54894  0.19512  0.35357 0
  0.27973  0.22276  0.36713  0.96813 0
  0.73644  0.19076  0.36287  0.19932 0
  0.97356  0.91818  0.45061  0.16717 2
 -0.08735  0.32426  1.00795  0.01294 2
  0.79888  0.64943  0.23172  0.79331 2
  0.27454  0.60832  0.26876  0.35727 0
  0.69968  0.87487  0.55705  0.04928 2
  0.77839  0.26526  0.49451  0.36906 2
  0.74111  0.36190  0.68719  0.07631 0
  0.27066  0.19451  0.15461  0.89132 1
  0.51046  0.72478  1.06105  0.11756 0
  0.12344  0.34480  0.75446  0.32663 1
  0.52735  0.79461  0.75925  0.59132 2
  1.06450  0.73909  0.78895  0.42687 2
  1.03518  0.35463  0.72447  0.17834 2
  0.98146  0.30295  0.14800  0.14009 2
  0.03679  0.29819  0.02595  0.31368 0
  0.40838  0.70300  0.00132  0.80026 0
  0.05208  1.06798  0.91067  0.85161 2
  0.74964  0.68996  0.85901  0.95695 0
  0.81905  0.75479  0.33939  0.72250 2
  0.17086  0.29528  0.75391  0.09930 0
  0.86937  0.13912  0.92735  0.98445 2
  0.58301  0.56443  1.04341  0.71432 0
  0.55425  0.89280  1.06424  0.43428 0
  0.88023  0.37762  0.15197  0.14588 2
  0.24120  1.06473  0.85664  0.60634 2
  0.34037  0.32861  0.03433  0.88579 0
  1.01619 -0.07083  0.99985  0.73953 2
  0.08760 -0.02829  0.47009  0.48836 1
  0.06095  0.69202  0.63423  0.85583 2
  0.16638  0.88473 -0.02187  0.89562 2
  0.61504  0.32142  0.87301  0.91368 0
  0.66324  0.97804  0.89444  0.56230 2
  0.68717  0.08695  0.49699  0.73375 1
  0.81249  0.10735  0.36093  0.78290 2
  0.44841  0.70752  0.88111  0.11336 0
  0.72101  0.97083  0.71592  0.43038 2
  0.33384  0.21621  0.78443  0.60808 0
  0.82758  0.58888  0.11260  0.28226 2
