 +1.17211   +1.26807
 -2.15495   -0.21665
 +0.25557   +1.87924
 +1.22683   +1.06915
 +0.04123   +1.49515
 +1.49699   +0.76448
 -1.21217   +0.24600
 +0.74374   +3.95593
 -1.00648   +0.19191
 +0.89454   +1.76196
 -1.77440   +0.18378
 +1.47158   +0.89979
 -0.80976   +0.29975
 +0.27446   +1.67494
 -0.94933   +0.13120
 -0.67027   +0.19856
 -0.48902   +0.46676
 +1.52193   +0.80533
 -0.00819   +1.25147
 -0.14860   +1.29423
 -1.44940   +0.38661
 +0.24553   +1.81722
 +0.07798   +1.65118
 -0.69329   +0.35671
 -0.10710   +1.34643
 -0.23805   +1.17741
 +1.05628   +1.30280
 +0.85348   +1.66099
 +0.13052   +1.53822
 -1.95190   +0.14166
 -0.46493   +0.46589
 +0.04892   +1.22299
 +0.51741   +1.82402
 -1.68037   +0.37943
 +0.10793   +1.54494
 -0.99726   +0.08967
 -0.24382   +0.86866
 +0.26377   +1.77049
 -1.52306   +0.44407
 +0.41683   +2.03198
 +0.36879   +1.80064
 +1.07090   +1.43279
 +0.53663   +1.87080
 +0.88795   +1.53614
 -1.42631   +0.49406
 +0.61170   +1.84778
 +0.57738   +1.78336
 -0.05177   +1.23852
 +0.38790   +1.77160
 -1.33709   +0.47906
 +0.84141   +1.61916
 -0.18924   +0.56254
 +0.52926   +1.75784
 -1.65523   +0.36319
 +1.36355   +0.99580
 +1.07376   +1.33588
 +0.08193   +1.67908
 -0.63882   +0.38592
 -0.16040   +0.91321
 +0.40287   +1.86024
 -1.16634   +0.24842
 -0.30016   +0.83255
 +0.44856   +1.78278
 -1.48292   +0.57295
 +1.48206   +0.89842
 +0.63306   +1.82051
 -0.31656   +0.76456
 +0.13328   +1.56525
 -0.94959   +0.03915
 -1.65164   +0.26393
 +0.44471   +1.82961
 -1.04882   +0.25256
 -1.18243   +0.19068
 +0.63096   +1.90007
 +0.90861   +1.54867
 -0.41680   +0.52803
 +0.35966   +1.77069
 +0.19153   +1.63941
 +1.29425   +1.07866
 +0.12891   +1.56209
 -0.89719   +0.30600
 +0.00968   +1.27801
 +0.43866   +1.83367
 +1.55321   +0.91081
 +1.03855   +1.52964
 +1.00070   +1.46384
 +0.05507   +1.61473
 -0.31406   +0.91470
 +0.95551   +1.46441
 -0.75363   +0.25541
 -0.34698   +0.71051
 -1.91171   +0.00927
 -0.00581   +1.40682
 -1.64835   +0.45561
 +0.17494   +1.54566
 +2.51531   +1.75488
 +0.82394   +1.70683
 +0.03648   +2.04346
 -1.60716   +0.39053
 -2.43329   -0.81174
 +0.67632   +1.88849
 -1.12577   +0.10034
 +0.65387   +1.98864
 +0.70206   +1.98933
 +1.08211   +1.42928
 +0.28260   +1.76584
 +0.62127   +1.77128
 -1.17837   +0.10207
 -0.03348   +1.45104
 -0.30573   +0.79461
 +0.06451   +1.39212
 +1.03082   +1.38854
 +0.92830   +1.66733
 +1.03889   +0.26178
 -0.93863   +0.05389
 +1.24943   +1.23517
 -1.34273   +0.38470
 -1.35891   +0.29635
 +1.61343   +0.72307
 +0.14475   +1.71745
 -0.36950   +0.59595
 -0.52201   +0.39600
 -0.17004   +1.09468
 +0.52082   +2.00274
 -0.45588   +0.55518
 +1.15549   +1.20422
 -0.30728   +0.70313
 -0.67762   +0.24603
 +0.53440   +1.81787
 +0.80577   +1.77808
 +1.55534   +0.76167
 -0.01308   +1.25951
 -0.60541   +0.35239
 +0.97917   +1.41022
 -0.75951   +0.19003
 -0.18939   +1.08546
 +1.76591   +0.75418
 +0.44457   +1.79297
 -2.02273   +0.09959
 -0.36719   +0.61947
 +0.42248   +1.92765
 +0.51985   +1.92600
 -1.34996   +0.36216
 -0.08710   +1.34163
 +0.25033   +1.87510
 -0.40117   +0.80613
 -0.12153   +1.13105
 -0.66549   +0.29868
 +0.17722   +1.80051
 +0.51887   +1.84266
 -0.51292   +0.47772
 -0.78592   +0.21595
 +1.06892   +1.41110
 -2.35804   -0.70054
 +0.50415   +1.99246
 +0.73464   +1.63712
 -1.40462   +0.32221
 +1.77321   +0.80754
 -0.24386   +1.06627
 -1.08298   +0.15079
 +1.32121   +1.01423
 -0.23582   +0.77102
 -1.26507   +0.39145
 -0.04158   +1.23472
 -0.43530   +0.68558
 +1.13900   +1.13694
 +0.70855   +1.80517
 -0.22636   -0.17994
 +0.52077   +2.01469
 -0.25081   +0.96748
 +1.31658   +0.89680
 +0.74629   +1.71484
 -0.63989   +0.23572
 -1.64744   +0.35626
 -0.59570   +0.50672
 -1.53315   +0.25310
 -0.56283   +0.48429
 -0.30873   +0.64898
 +0.03211   +1.50583
 +2.47309   +1.64608
 +0.09662   +1.57450
 +1.00386   +1.53346
 +0.78384   +1.83618
 +0.14818   +1.59177
 +0.51132   +1.85440
 +0.36110   +1.74912
 +1.58187   +0.74164
 -0.33337   +0.57470
 -1.27333   +0.13497
 +0.19992   +1.56434
 -0.77474   +0.22399
 -1.37644   +0.29265
 +1.36286   +1.00298
 -0.47564   +0.51780
 +1.48084   +0.71714
 -0.68940   +0.43481
 -0.50756   +0.37643
 -0.43670   +0.66583
 -1.06863   +0.32190
 -0.44607   +0.73643
 +0.44879   +1.74391
 +0.18226   +1.62750
 +0.18512   +1.50936
 +0.67787   +1.88490
 +2.94530   +2.05715
 +0.24416   +1.93194
 +1.44678   +0.89947
 +0.98850   +1.30417
 -0.54329   +0.35896
 -0.32037   +0.76622
 -0.39286   +0.63110
 +1.70000   +0.78549
 -1.40249   +0.58416
 +1.55110   +0.78628
 +1.26185   +1.05209
 -0.39005   +0.73416
 +0.82472   +1.82822
 -2.08111   +0.05498
 -1.93722   +0.30670
 +0.90950   +1.52474
 +0.32990   +1.76695
 +1.36999   +0.94119
 -0.23849   +1.00280
 +0.52760   +1.79065
 -0.77156   -0.08723
 +0.64251   +1.89854
 +0.76465   +1.84375
 -0.74721   +0.20945
 -2.22867   +0.54906
 -1.17912   +0.42962
 -0.14572   +1.27096
 +0.53732   +1.83531
 -0.78547   +0.15791
 -1.57640   +0.46654
 -0.50669   +0.42671
 +1.27695   +2.20499
 +0.65227   +1.65822
 -1.06485   +0.30964
 +0.31308   +1.91604
 +0.27581   +1.82700
 -1.83000   +0.55108
 +0.32957   +1.71395
 -0.46233   +0.38369
 -0.19701   +1.02436
 +1.14137   +1.21906
 +0.17122   +1.59590
 -0.07104   +1.21322
 -1.75038   +0.33163
 +1.39719   +1.04280
 +1.42267   +0.91196
 -0.39174   +0.62417
 +0.90114   +1.52682
 -0.11748   +1.29178
 +0.96410   +1.52005
 +0.44339   +1.68543
 -1.55833   +0.48660
 -0.86562   +0.21227
 -0.47594   +0.77235
 -0.63996   +0.22210
 +0.99351   +1.59690
 +0.24352   +1.71789
 +1.82562   +0.90435
 +0.17764   +1.64429
 +0.08025   +1.45279
 +0.84253   +1.52127
 +0.75293   +1.77673
 +0.61844   +2.01367
 +1.22599   +1.10819
 -0.32412   +0.60179
 -1.25009   +0.50121
 -1.44910   +0.59257
 +0.31705   +1.80122
 -0.57280   +0.49995
 +0.41620   +1.74285
 +1.19248   +1.04271
 +0.02715   +1.62550
 -0.79086   +0.27025
 -0.08514   +1.25496
 +1.00904   +1.40807
 -0.27305   +0.84468
 -0.91634   +0.28266
 -0.87223   +0.22991
 +0.30939   +1.72671
 -0.50478   +0.41028
 -2.03998   +0.02274
 -0.70497   +0.25148
 -0.87079   -0.01421
 -0.24215   +0.93769
 -0.59934   +0.31767
 +0.60344   +1.81042
 -0.16892   +1.00665
 +0.36824   +2.00071
 -1.94337   +0.08952
 +1.25363   +1.12592
 +1.24597   +1.18477
 +1.08836   +1.29907
 -0.09328   +1.15921
 +0.72499   +2.57150
 -1.25301   +0.27925
 +0.24548   +1.76553
 +0.37429   +1.81248
 -0.46103   +0.66010
 +0.23258   +1.72141
 +1.93678   +0.80199
 -0.88564   +0.25052
 +0.68392   +1.67447
 -0.29218   +0.83726
 +1.13249   +1.33592
 +1.44368   +0.72013
 +0.69846   +1.79839
 -0.08300   +1.29014
 -1.08170   +0.24958
 -1.05967   +0.34355
 -0.27737   +0.81007
 +0.80656   +1.78213
 -0.00367   +1.27459
 -1.25882   +0.28353
 +0.79068   +0.52596
 +0.87609   +1.49025
 -0.22157   +0.88132
 -0.24978   +0.87775
 +2.19993   +1.24068
 -0.94584   +0.14941
 +1.01191   +1.49473
 +0.67740   +1.81762
 -0.03329   +1.32259
 +0.50684   +2.55285
 -0.77732   +0.19870
 +0.59323   +1.71788
 +0.09056   +1.76201
 -0.64186   +0.26997
 -0.09214   +1.33140
 +1.38715   +1.08791
 +1.39144   +1.00400
 -1.12685   +0.45017
 -0.37403   +0.70589
 +0.37773   +1.89954
 -0.62491   +0.34315
 +1.01061   +1.43682
 -0.55056   +0.22284
 -0.46700   +0.58588
 +0.76616   +1.72287
 -1.00558   +0.39737
 -0.30051   +0.64934
 -0.95742   +0.35864
 -2.54802   -0.87244
 -1.52567   +0.38538
 +0.61388   +1.83662
 +0.74433   +1.84028
 -0.47261   +0.43157
 -1.03144   +0.24307
 +1.91773   +0.76224
 +0.90522   +1.55610
 -0.33862   +0.59169
 -1.84102   +0.12402
 +0.80634   +1.57910
 +0.41681   +1.80761
 -0.30676   +0.79069
 +0.45253   +1.76721
 +0.07989   +1.37332
 +1.10930   +1.39404
 +0.24598   +1.64064
 +0.46578   +2.02814
 -0.55600   +0.55410
 -0.34858   +0.66962
 +0.70307   +1.84537
 -0.42720   +0.52482
 +0.26646   +1.64893
 +1.00738   +1.35737
 +0.75416   +1.96156
 -0.22107   +0.98250
 -0.72366   +0.42170
 +0.52625   +1.94041
 +1.60456   +0.74364
 +1.09597   +1.36111
 +0.72284   +1.89244
 +0.26009   +1.74050
 +0.31001   +1.80236
 +1.36315   +0.84327
 +0.23107   +1.79880
 +0.07266   +1.48700
 -2.64862   -0.88758
 -0.27732   +0.74883
 +0.95988   +1.53777
 +2.23704   +1.51836
 -0.35231   +0.70241
 -0.88534   +0.14062
 -0.06513   +1.26076
 -0.75746   +0.14499
 -0.61979   +0.29831
 +1.16251   +1.16625
 +1.42379   +0.97980
 +0.65907   +1.90203
 -1.67388   +0.46119
 -1.56387   +0.38095
 +0.28264   +1.75114
 -0.58603   +0.36030
 +0.19240   +1.80239
 -0.28657   +0.93813
 +1.03500   +1.37345
 -0.50877   +0.50078
 -0.18591   +1.03393
 -1.26687   +0.37701
 -0.98840   +0.41292
 -0.33516   +0.67493
 -0.76458   +0.34186
 +0.48018   +1.80923
 +0.54314   +1.93652
 +0.07921   +1.47889
 -0.30196   +1.11508
 +0.88945   +1.52134
 +1.57852   +0.75651
 -1.59459   +0.47555
 -1.91485   +0.40889
 +0.52818   +1.93727
 +0.36094   +1.66750
 -0.02186   +1.45518
 +2.32829   +1.38282
 -0.48641   +0.46826
 -0.13690   +0.98508
 -0.30729   +0.80695
 -0.57817   +0.55845
 +0.54494   +1.74292
 +1.62033   +0.71337
 +1.64917   +0.81226
 +0.64108   +1.97997
 +2.13486   +1.12507
 +0.25283   +1.64542
 +1.15739   +1.26326
 -1.84805   +0.31429
 -1.17833   +0.41967
 -0.55102   +0.27442
 -0.81282   +0.18812
 -1.19244   +0.27331
 -0.59104   +0.35890
 +1.47472   +0.88461
 -0.59168   +0.09606
 -0.62578   +0.42437
 +2.56236   +1.50508
 +1.59872   +0.79241
 +0.61997   +1.93125
 +0.48353   +3.67380
 +0.78252   +1.69734
 +0.19865   -0.26948
 +1.23968   +1.09035
 +0.92928   +1.61667
 -0.74378   -0.02368
 -0.13992   +1.23652
 +0.48605   +1.97847
 +0.68402   +1.87972
 +1.57652   +0.82642
 -1.08310   +0.45854
 +1.45552   +0.82512
 -1.13295   +0.39342
 -0.21730   +1.02759
 -1.02960   +0.33329
 -0.12831   +1.23590
 -0.56931   +0.56848
 -0.05423   +1.29258
 -1.19807   +0.37793
 +0.81732   +1.62762
 +0.65993   +2.66294
 -0.45582   +0.45774
 +0.88408   +1.67115
 -0.75108   +0.09037
 -1.06185   +0.93370
 -0.53673   +0.62021
 -1.34848   +0.38993
 -0.01004   +1.54394
 -0.41203   +0.55030
 -1.60450   +0.49067
 -1.52136   +0.57087
 -0.96767   +0.81721
 -0.74725   +0.19302
 -0.81457   +0.17605
 -0.64913   +0.54068
 -0.20418   +1.09191
 -1.11502   +0.35985
 +1.99903   +1.00052
 -0.65055   +0.53539
 -1.28641   +0.30390
 -0.07010   +1.26067
 +0.82861   +1.81390
 -2.14443   -0.38869
 -0.19368   +1.03544
 -0.76772   +0.42309
 +0.55858   +1.86367
 +1.43163   +0.85168
 -0.12111   +1.14060
 -0.06715   +0.53011
 +1.01154   +1.41247
 -1.01127   +0.07157
 -2.28447   -0.39996
 +1.55434   +0.89130
 -3.42039   -0.95752
 +0.81709   +1.82830
 -1.58847   +0.62948
 +0.06643   +1.41621
 -0.76169   +0.38390
 +0.54868   +1.76335
 +1.38897   +0.64413
 +0.04596   +1.48607
 -0.74465   +0.02970
 -1.36153   +0.49384
 -0.24396   +0.93749
 +0.17979   +1.76125
 -0.32464   +0.90239
 -1.69999   +0.23174
 -0.29043   +0.88388
 +0.49791   +1.94088
 +1.82000   +0.85741
 -0.04692   +1.36361
 -0.67207   +0.36339
 -0.41906   +0.69003
 -0.01129   +1.32817
 +0.11975   +1.78002
 +0.64364   +1.90007
 +1.15300   +1.23401
 -0.23083   +1.09439
 +2.17085   +1.19416
 +0.59860   +1.94178
 +0.88875   +1.52440
 +0.64276   +1.88229
 -0.03939   +1.27140
 +0.46026   +2.00823
 +0.77412   +1.76869
 -0.97389   +0.30780
 +0.14380   +1.65260
 +0.12247   +1.46931
 +1.17921   +1.05444
 +1.21465   +1.11746
 -0.06044   +1.31455
 -0.07889   +1.19249
 -0.38594   +0.73080
 +1.23328   +1.07521
 +0.40878   +2.11445
 -0.86876   +0.14888
 +1.97096   +0.78625
 -0.88111   +0.13428
 -0.98973   +0.21222
 -1.29428   +0.28534
 +0.48887   +1.65570
 +0.94710   +1.71670
 +1.54439   +0.92675
 +0.69941   +1.90376
 +0.09461   +1.70813
 -0.39799   +0.65494
 +1.95068   +0.77476
 -0.05039   +1.28256
 +0.27340   +1.83918
 +0.01285   +1.40020
 +0.07260   +2.05516
 -1.29085   +0.27437
 -0.34842   +0.71926
 -1.27522   +0.20562
 -1.12582   +0.23611
 +0.26647   +1.78066
 -0.46973   +0.43843
 -0.54467   +0.38307
 -1.34175   +0.39898
 +1.82544   +0.82188
 -0.70169   +0.17682
 +0.56899   +1.93965
 +0.10704   +1.60013
 -0.41890   +0.43649
 +2.32823   +1.27843
 +1.30786   +1.09646
 -1.51845   +0.45241
 +0.02052   +1.52733
 +0.45675   +0.32815
 +0.41143   +1.73750
 +0.01046   +1.40553
 -0.30575   +0.79517
 -0.20582   +0.90814
 +0.81997   +1.73401
 +0.22870   +1.85683
 -1.12043   +0.35095
 -0.51941   +0.55844
 +1.01521   +1.35770
 +1.14709   +1.22907
 +1.01782   +1.57872
 -0.85880   +0.18410
 -0.30089   +0.80672
 +0.84005   +1.94986
 -1.65885   +0.42830
 -0.00143   +1.60724
 +0.66910   +1.76637
 -1.60963   +0.48171
 +0.74344   +1.88564
 +0.00723   +1.29478
 -0.01883   +1.32829
 +0.70288   +1.76160
 +1.29427   +1.04830
 -1.92895   +0.34903
 -1.93895   +0.23621
 -0.67252   +0.12937
 +0.13806   +1.38217
 +0.92829   +1.62122
 +0.34255   +1.94727
 +1.34859   +1.06745
 -0.19768   +0.97370
 +1.20360   +1.13118
 -1.37723   +0.40067
 -0.87099   +0.22388
 +0.73444   +1.88464
 +1.94530   +0.96132
 +1.45569   +0.71363
 +0.53619   +1.89808
 -0.59151   +1.20626
 +0.02694   +1.53647
 -0.69241   +0.18590
 +0.09380   +1.31461
 +0.07234   +1.48748
 +0.24365   +1.66419
 +0.68464   +1.79759
 +0.80998   +1.70283
 -0.71472   +0.21472
 +1.72257   +0.71093
 -0.43487   +0.67543
 +0.25723   +1.75661
 -0.08113   +0.51006
 -1.38688   +0.84426
 -1.36995   +0.40489
 -0.16481   +1.17376
 +0.42955   +1.85510
 +0.47442   +1.89407
 -0.69928   +0.30237
 -1.98212   +0.19980
 +0.23132   +1.82935
 -0.86675   +0.20404
 +0.64787   +1.75222
 +0.60129   +1.89174
 +0.87396   +1.35101
 +0.33953   +1.86661
 -0.91150   -0.09468
 +0.11660   +1.67766
 -0.33482   +0.85426
 +1.19574   +1.05658
 +0.66816   +1.93504
 -1.09086   +0.26209
 -0.82192   +0.26624
 -0.07111   +1.22645
 +1.36733   +0.81026
 +0.56431   +1.97317
 -0.35085   +0.71645
 +1.65428   +0.76056
 -1.15184   +0.36556
 -1.03381   +0.23326
 +0.32310   +1.78283
 -0.40789   +0.54190
 +1.29159   +1.21403
 -1.19012   +0.26957
 -0.37853   +0.71568
 -0.12226   +1.14950
 +1.38992   +0.88047
 -1.35815   +0.46303
 +1.51365   +0.76377
 +0.46486   +1.91786
 +1.33489   +0.93440
 -1.39179   +0.40306
 +1.28671   +1.07808
 +1.39743   +0.80306
 +1.00760   +1.55309
 +0.95447   +1.53457
 +0.25894   +1.65078
 +0.86117   +1.70335
 -0.76116   +0.10262
 +0.32367   +1.61923
 +1.07797   +1.31194
 -0.99429   +0.20412
 +0.73154   +1.69077
 -0.69245   +0.36112
 +2.13979   +0.90666
 -0.24481   +0.82115
 +0.67476   +1.82413
 +2.69875   +1.90401
 -0.58408   +0.36684
 -0.58985   +0.48347
 +0.38686   +1.80539
 +0.63075   +1.83472
 +0.56540   +1.83066
 -0.05491   +1.34746
 +0.65937   +1.87949
 +0.64095   +1.76642
 +1.04061   +1.46951
 -0.83449   +0.17645
 -2.61277   -1.02860
 -0.18042   +0.15534
 -2.12036   +0.00993
 -0.41040   +0.67018
 +0.00490   +1.53231
 -0.63611   +0.46432
 +0.51535   +1.73776
 +0.72882   +1.72004
 +0.43124   +1.99185
 +0.03567   +1.41060
 +0.84706   +1.62339
 +0.50672   +1.87770
 -0.08747   +1.42172
 +0.51974   +1.96520
 -0.70330   +0.30579
 -0.14235   +1.15016
 +0.62900   +1.86152
 -1.28568   +0.28237
 +0.83578   +1.68568
 -0.11082   +1.21905
 +0.24333   +1.72296
 +0.13144   +1.58941
 -0.04270   +1.26240
 +2.15218   +0.93221
 -0.80145   +0.26658
 +1.26125   +1.08632
 +1.10139   +1.32167
 +0.51441   +1.80630
 -0.70347   +0.36626
 -0.29630   +0.72805
 +0.09234   +1.59811
 -0.43551   +0.72263
 -0.04977   +1.29251
 +1.52289   +0.79605
 +1.00468   +1.40300
 +0.00819   +1.36443
 +0.34242   +1.71416
 -0.03748   +1.44643
 -0.08963   +1.32094
 -0.09770   +1.30294
 -1.08285   +0.21193
 -0.68408   +0.46213
 -1.54110   +0.58230
 -0.68058   +0.63262
 +1.47697   +0.85229
 +1.26590   +1.05485
 -0.76959   +0.20297
 -0.50458   +0.46021
 +0.34974   +1.98539
 +0.20916   +1.62944
 -0.12825   +1.17580
 -0.61780   +0.29684
 +1.05745   +1.33935
 -0.34009   +0.73458
 -1.36717   +0.39518
 +0.34022   +1.82876
 +0.36661   +1.98043
 -0.60925   +0.46764
 +0.56515   +1.74471
 -1.24355   +0.14330
 +1.35022   +1.06598
 -0.70064   +0.26488
 -0.75700   +0.20676
 +1.25982   +1.16202
 +0.23138   +1.84254
 +0.81853   +1.55996
 -0.97846   +0.31573
 -1.79304   +0.32103
 +0.41045   +1.84338
 -0.12866   +1.45061
 +0.16770   +1.53444
 +0.53086   +1.85219
 -0.06397   +1.21273
 +1.24147   +1.08306
 -1.09122   +1.95927
 +0.46645   +1.95467
 -1.42263   +0.47449
 -0.52237   +0.39654
 -0.20297   +0.96019
 -0.62539   +0.56143
 +0.68412   +1.77547
 +1.06625   +1.48434
 -0.17440   +0.92979
 -0.51531   +0.25617
 +0.75681   +1.75787
 +1.61067   +0.73521
 -0.92774   +0.29611
 +1.37966   +0.94848
 +1.09360   +1.48544
 +0.27145   +1.73533
 +0.25489   +1.88212
 -2.76684   +0.68610
 +0.86541   +1.54916
 -0.86630   +0.15847
 +0.47020   +1.86891
 -2.11446   -0.01123
 +0.73391   +1.81508
 +0.82684   +1.71414
 +0.02914   +1.30715
 -0.04506   +1.46167
 -0.44480   +0.58817
 -0.36596   +0.79692
 +1.43607   +0.56509
 -0.33014   +0.81090
 -0.11577   +1.36676
 +1.04880   +1.46955
 +0.75751   +1.57794
 -0.91550   +0.14688
 -0.57608   +0.42423
 +0.72795   +1.86504
 +0.10226   +1.65055
 -0.58979   +0.43525
 -1.82979   +0.29124
 +0.11435   +1.62536
 +1.19671   +1.31545
 -1.41610   +0.43492
 +0.83415   +1.74787
 -1.47884   -0.38126
 -0.55196   +0.28239
 +0.18511   +1.47378
 +1.24469   +1.06564
 -0.38238   +0.62103
 +1.64755   +0.64339
 +1.65456   +0.78094
 -0.04403   +1.41407
 -1.71500   +0.25120
 +0.41893   +1.63640
 -0.22037   +1.19096
 +1.55456   +0.99895
 +0.63810   +1.71789
 +1.39324   +0.95781
 -0.03218   +1.34291
 -0.52484   +0.34474
 -1.26788   +0.32497
 -1.17243   +0.39303
 +0.38378   +1.81871
 -0.36525   +0.68501
 -1.60218   +0.08884
 +0.55696   +1.99444
 +1.34938   +1.01373
 +0.97662   +1.42962
 -0.74754   +0.30352
 -0.48956   +0.48791
 -0.72858   +0.14531
 +0.85140   +1.63419
 +0.72600   +1.75834
 +0.95248   +1.54532
 -1.54069   +0.37306
 -0.88282   +0.03579
 -1.01298   +0.12757
 -1.33104   +0.34443
 +0.96036   +1.44748
 -0.72622   +0.33061
 -1.16061   +0.40300
 -0.48277   -0.13606
 -1.51358   +0.26554
 -0.70540   +0.18806
 -0.25281   +0.99800
 -1.17459   +0.41199
 -0.41813   +0.52766
 +0.31680   +1.90713
 +0.46214   +1.59834
 -0.41385   +0.65300
 +0.85138   +1.67603
 +1.75895   +0.71125
 -0.29443   +0.84290
 -0.00224   +1.50019
 +0.41443   +1.94304
 +1.40068   +0.95326
 +0.50091   +1.82956
 +0.61445   +1.93244
 +0.10270   +1.66302
 +0.16722   +1.64525
 +0.96646   +1.72344
 -1.46896   +0.32313
 +0.22443   +1.82369
 +0.96737   +1.61555
 +1.27925   +1.00080
 -1.07008   +2.17534
 -0.57876   +0.33393
 +0.35205   +1.92184
 +0.10602   +1.49234
 -0.83951   -0.18372
 -0.42129   +0.61244
 +0.39458   +1.88467
 +0.30287   +1.80708
 -0.58203   +0.52663
 +0.62443   +1.92874
 -1.34710   +0.30293
 -0.01846   +1.39682
 +0.46119   +1.79015
 -0.91769   +0.25351
 +0.67834   +4.32404
 -0.20170   +1.06914
 -0.60200   +0.30314
 -0.53489   +0.48437
 +0.09698   +1.49675
 -0.36528   +0.86319
 +0.17363   +1.73383
 -1.28904   +0.38434
 -0.49977   +0.53805
 +1.04174   +1.47169
 -1.17113   +0.36043
 +1.72618   +0.65973
 -0.72575   +0.34725
 +0.35830   +1.86958
 -1.14232   +0.23265
 +1.46155   +0.99561
 +1.25751   +1.07931
 -0.40247   +0.58092
 -0.05226   +1.39586
 -0.94549   +0.37422
 +0.22419   +1.63225
 -0.77206   +0.37215
 +0.38122   +1.70865
 -3.27968   -1.26469
 -1.10212   +0.29665
 -1.06048   +0.45104
 -1.77973   +0.38513
 +0.92932   +1.59152
 +0.28494   +1.89464
 -0.30201   +0.87486
 +0.04095   +1.57212
 +0.09971   +1.30149
 -0.39425   +0.64842
 +2.01092   +0.98338
 +0.69126   +0.98289
 -0.31278   +0.72454
 -1.25958   +0.45981
 -0.85445   +0.10599
 +0.45810   +1.88947
 -0.14929   +0.93756
 +1.54667   +0.77391
 -0.13055   +1.08179
 -0.39795   +0.58230
 +1.27160   +1.22979
 -1.04819   +0.09876
 -0.24587   +1.06568
 -0.54797   +0.41270
 +1.02472   +1.25557
 -0.55153   +0.44495
 +0.38958   +1.94385
 -0.28406   +0.83023
 -0.16439   +1.22433
 +0.49431   +1.95968
 +0.88688   +1.47962
 +2.72954   +1.92572
 +0.56923   +1.91862
 +1.17819   +1.07708
 -0.11894   +1.25728
 +0.56325   +1.74536
 +1.05911   +1.64701
 +1.05323   +1.40612
 +0.05493   +1.51225
 +1.37028   +1.01839
 +0.04630   +0.43108
 +0.32564   +1.97843
 +0.49137   +1.64883
 +0.29089   +1.94126
 +0.32109   +1.83294
 -0.30117   +0.86015
 +2.53006   +1.61062
 -0.73439   +0.29244
 -0.96832   +0.15664
 -1.83552   +0.25723
 +0.38215   +1.81602
 -1.24577   +0.31708
 -0.15095   +1.16818
 -0.89213   +0.70248
 -0.85710   +0.15827
 +0.27110   +1.81885
 +0.53115   +1.88625
 -0.03173   +1.33179
 -0.53182   +0.41901
 -0.96857   +0.44842
 +0.09553   +1.60039
 +0.38927   +1.93237
 +0.44299   +1.83543
 +1.73859   +0.85886
 -1.51422   +0.51093
 -0.12015   +1.31308
 +0.11403   +1.49464
 +2.51105   +1.82023
 -0.71321   +0.31366
 -0.36338   +0.80257
 -0.16325   +1.16795
 -0.23820   +0.93013
 +1.66618   +0.70240
 -0.36730   +0.73879
 +0.06470   +1.44150
 -2.69374   -0.95175
 -0.38801   +0.59337
 +0.12872   +1.65118
 -1.09282   +0.28577
 -1.78786   +0.07127
 +1.23023   +0.75410
 +1.59179   +0.88203
 +0.33303   +1.71212
 +1.95739   +1.09305
 +0.33866   +1.82492
 -1.79237   +0.42768
 -2.01877   +0.28895
 +0.49220   +1.88384
 +0.23189   +1.76932
 +0.84310   +1.68094
 -0.27704   +0.82255
 -0.82287   +0.22289
 -0.02813   +1.32377
 +0.81696   +1.87508
 +0.74903   +1.74935
 +0.27866   +1.74479
 +2.15149   +1.17923
 +1.16071   +1.08570
 +0.50624   +1.90942
 +0.58489   +1.81921
 -0.02111   +1.54916
 +0.01195   +1.37403
 +1.42365   +1.02365
 +0.50629   +1.91948
 +0.36078   +1.76193
 -0.65147   +0.28586
 +2.16493   +1.14033
 -2.61664   -0.97893
 -0.44741   +0.60556
 -0.33553   +0.65743
 +0.34626   +1.68387
 +0.91267   +1.48245
 +0.68781   +1.75846
 +0.46967   +1.92474
 -0.10166   +1.22528
 +0.15020   +1.84250
 -1.00517   +0.25133
 +0.68056   +1.66883
 +0.03416   +1.49162
 -0.04899   +1.27262
 -0.45321   +0.68705
 +1.09317   +1.31429
 -0.06587   +1.17090
 -0.05212   +1.44912
 +0.84037   +1.56396
 -0.97797   +0.16008
 -2.47730   -0.75067
 +1.02074   +1.50627
 +0.09273   +1.67729
 +0.61045   +1.73168
 -1.01741   +0.46867
 -0.33993   +0.66740
 -0.56986   +0.38753
 -0.01982   +1.53966
 -0.15011   +1.00897
 +0.24074   +1.76599
 -0.06107   +1.32507
 -1.90990   +0.11664
 +0.55536   +2.00922
 -0.17724   +0.90702
 -0.76489   +0.36336
 -0.42002   +0.57828
 -0.03626   +1.34100
 -0.39664   +0.70099
 +1.05052   +1.44036
 -1.57111   +0.28139
 +0.02686   +1.50477
 -0.30427   +0.88096
 +0.06308   +1.45598
 +0.29971   +2.79614
 -0.85377   +0.31967
 -0.19177   +1.01612
 -2.16191   -0.03346
 -0.15433   +1.21011
 -1.17851   +0.34070
 +1.33462   +1.00781
 +1.91644   +0.76234
 -0.65373   +0.32254
 +1.95977   +0.88751
 -0.25281   +0.98680
 +1.73485   +0.83422
 +1.01419   +1.50152
 -0.81778   +0.28348
 -0.95778   +0.12225
 +1.46757   +1.02187
 -0.56964   +0.43963
 +1.60856   +1.58325
 +0.90931   +1.62168
 -1.50353   +0.44186
 -0.28834   +0.86110
 +0.71968   +1.87005
 -0.43811   +0.56127
 +1.26404   +0.83203
 +0.66455   +1.76560
 -1.47050   +0.23057
 -0.64526   +0.17983
 +2.50666   +1.65558
 +0.27803   +1.73487
 +0.48684   +1.84503
 +1.50815   +0.74983
 -0.79434   +0.12570
 -0.82631   +0.10766
 -1.21437   +1.77219
 +1.62795   +0.66167
 -0.02870   +1.15336
 +1.70103   +0.65290
 -2.76314   -1.12467
 +2.95633   +2.21734
 +0.45616   +2.01655
 -1.03817   +0.23460
 -0.19158   +0.94775
 -0.55823   +0.37404
 -0.53207   +0.61949
 -0.24230   +1.07699
 -0.80825   +0.16708
 -0.29446   +0.86427
 -1.24464   +0.25330
 -1.54461   +0.92656
 -0.64659   +0.38099
