 -0.17308   +1.08307
 -0.45236   +0.39582
 +1.14742   +1.17722
 -1.19390   +0.29808
 -0.37624   +0.56819
 -0.91060   +0.16302
 +0.81874   +1.42824
 -0.87069   +0.38434
 +0.26594   +1.60459
 -0.00893   +1.63661
 -0.13403   +1.06153
 +1.46205   +0.75745
 -0.02540   +1.29960
 +0.45657   +1.83813
 +0.37986   +1.78211
 +1.24919   +1.11518
 +0.10526   +1.45356
 +1.41235   +0.78011
 -0.18146   +1.01085
 -0.83171   +0.29665
 -0.20012   +0.96778
 -0.46724   +0.69649
 -0.34550   +0.96903
 -1.48569   +0.45530
 -0.66574   +0.48296
 -0.50948   +0.48625
 -0.72170   +0.34470
 -0.89391   +0.49052
 -0.06163   +1.39510
 +2.51722   +1.64137
 +0.04924   +1.39043
 +0.66573   +1.59592
 -0.79655   +0.44567
 +0.38246   +1.87431
 -1.06004   +0.11683
 +1.31355   +0.92978
 -0.42554   +0.67892
 +0.38195   +1.86140
 +0.33113   +1.72210
 +0.77510   +1.72015
 +1.91049   +0.84846
 -0.57516   +0.31887
 +0.73926   +1.85761
 +0.58067   +1.95237
 -0.52993   +0.56012
 +1.01531   +1.37988
 -0.11290   +1.20252
 +0.28424   +1.61423
 +1.01771   +1.46421
 -0.96304   +0.25699
 -0.95937   +0.12304
 -0.53379   +0.36590
 -0.14029   +1.25212
 +0.96727   +1.51577
 -0.32807   +0.81362
 -1.51561   +0.31103
 +1.32935   +1.04374
 -0.47620   +0.63087
 -1.56068   +0.60875
 -0.57720   +0.42114
 +0.08075   +1.54507
 +0.74425   +1.81304
 -0.91107   +0.28748
 -0.05724   +1.36672
 -1.39869   +0.48886
 +0.19695   +1.70717
 +0.68137   +1.82035
 -0.33979   +0.62524
 -2.26172   -0.25753
 -0.09176   +1.26445
 -0.65322   +0.32832
 +0.53315   +1.99113
 +0.63854   +1.80490
 +0.11175   +1.67515
 -0.23750   +0.86589
 +2.57221   +1.74435
 +0.28260   +1.71967
 +0.70524   +1.83867
 -2.10052   -0.09820
 -1.44533   +0.40716
 +1.08250   +1.40412
 +0.29115   +1.81652
 +2.39960   +1.63780
 -1.91455   +0.23403
 +0.03878   +1.32763
 +1.08176   +1.46149
 +0.46375   +1.89822
 +0.42991   +1.95278
 +1.87856   +0.69698
 -0.28965   +0.86141
 +0.34179   +1.83538
 -0.04842   +1.38424
 +1.32636   +1.03871
 -1.08042   +0.30813
 +0.19246   +1.67584
 -0.30876   +0.78494
 -1.08681   +0.20185
 -0.42744   +0.72210
 -1.11140   +0.44271
 -0.38808   +0.65403
 +0.74860   +1.74050
 +1.21079   +1.20955
 -0.54034   +0.35847
 +0.40667   +1.70547
 +1.53125   +0.86699
 +0.61489   +1.78312
 -0.58750   +0.58832
 +1.47262   +0.85816
 +0.03877   +1.48124
 +1.54726   +0.84656
 +0.24079   +1.85336
 -1.81690   +0.25203
 +1.44207   +0.86308
 +0.10105   +1.35718
 -0.67084   +0.10106
 -0.87291   +0.22982
 +0.78277   +1.75918
 -0.12611   +1.13833
 +0.16481   +1.76261
 +1.18426   +1.18453
 -1.13396   +0.35161
 +1.55545   +0.69288
 -0.73015   +0.31321
 +0.45333   +1.87584
 -0.32917   +0.84769
 +0.42119   +1.87653
 -0.32154   +0.64864
 +0.43543   +1.84496
 +0.58014   +1.84496
 +0.30775   +1.86264
 -0.34855   +0.64368
 -0.28632   +0.78868
 +1.52165   +0.75500
 -0.39023   +0.69449
 +1.02623   +1.43671
 -0.11162   +1.17896
 -0.08790   +1.31841
 -0.16926   +1.18329
 -0.21815   +0.97059
 +0.46439   +1.98253
 +0.30148   +1.82020
 -0.33325   +0.76575
 +0.40281   +1.87697
 +0.66931   +1.83124
 +0.91708   +1.45856
 -0.22382   +0.85321
 -0.21211   +1.13339
 -0.82793   +0.19518
 -0.14730   +1.22903
 -1.17042   +0.32796
 +0.29475   +1.64058
 +0.78004   +1.61468
 +2.10269   +1.08805
 +0.84067   +1.60175
 -0.35828   +0.67788
 +0.43862   +1.92594
 -0.10287   +1.14110
 -0.01394   +1.38125
 +2.11907   +0.99986
 +1.06301   +1.50809
 +0.32020   +1.92447
 +1.80665   +0.86338
 -0.16884   +1.07746
 +0.49304   +1.69260
 -0.09314   +1.13946
 +1.49706   +0.87428
 -0.25962   +1.09421
 +1.11012   +1.38513
 -1.88163   +0.16269
 +0.66011   +1.73196
 +0.73624   +1.69898
 -0.95784   +0.32816
 +0.11847   +1.74166
 +0.77435   +1.76766
 -1.49494   +0.32402
 +1.38492   +1.11957
 -0.75890   +0.17843
 -0.29057   +0.84642
 -0.20155   +1.13754
 +1.47704   +0.84325
 +1.38811   +0.81878
 +0.37360   +1.74572
 +0.53140   +1.97346
 -0.78976   +0.19705
 +1.69220   +0.82428
 -0.49782   +0.62179
 +0.06750   +1.56435
 +1.24405   +1.25254
 -0.95945   +0.14079
 -0.97482   +0.32064
 +0.96199   +1.41612
 -0.17572   +1.12575
 +2.00523   +0.92832
 +0.15959   +1.54533
 -1.76305   +0.25518
 +0.27734   +1.72957
 -0.30140   +0.82796
 -0.23193   +0.91281
 -0.75426   +0.18291
 -1.47857   +0.46152
 -0.09689   +1.24604
 +0.29592   +1.75381
 +0.58901   +1.67361
 +1.04449   +1.25224
 -0.47601   +0.54267
 +1.03536   +1.29265
 -0.35305   +0.69761
 -0.08871   +1.28769
 -0.22074   +1.11511
 -0.31823   +0.81661
 -0.42117   +0.64603
 -1.77485   +0.32538
 -1.94609   +0.21883
 -0.33391   +0.82202
 +0.38917   +1.89297
 +0.55104   +1.72770
 +0.80800   +1.74212
 +0.02345   +1.43934
 -0.30922   +0.78533
 -0.04037   +1.25848
 -0.70357   +0.27565
 +1.03640   +1.33184
 +0.56839   +1.72209
 +0.09052   +1.49082
 -0.93236   +0.19317
 -1.20381   +0.41449
 +0.35875   +1.85871
 -1.94169   +0.14953
 +0.55708   +1.71022
 -0.65876   +0.29983
 -0.28007   +1.02398
 -0.95704   +0.29588
 -0.28988   +0.90553
 -2.26230   -0.36717
 +0.49872   +1.85759
 +0.04349   +1.55563
 -0.06742   +1.21160
 +0.04571   +1.37251
 -0.65985   +0.44539
 -0.42931   +0.60244
 +1.47860   +1.11633
 -0.29341   +0.70022
 +0.12097   +1.58028
 -0.83654   +0.18064
 +1.07539   +1.36237
 +0.25632   +1.66233
 -1.70775   +0.55091
 +0.19283   +1.65082
 +1.78649   +0.57020
 -0.53751   +0.30883
 +0.27111   +1.81715
 -0.56929   +0.41057
 -0.55185   +0.39048
 +1.13145   +1.37964
 -0.41161   +0.44858
 +0.83452   +1.64032
 -1.67529   +0.35346
 -1.14626   +0.21327
 +2.08680   +1.12948
 +0.09605   +1.55538
 -1.32094   +0.37643
 -1.92268   +0.27699
 -0.22129   +1.03899
 +0.66586   +1.75874
 -0.33007   +0.94449
 -1.14414   +0.35775
 -0.79095   +0.06762
 -0.13404   +1.30121
 -0.22310   +0.96193
 +0.47901   +1.82313
 +0.00903   +1.29338
 -1.78175   +0.50871
 +0.20492   +1.63203
 +1.13003   +1.07560
 +0.83158   +1.58388
 +0.58955   +2.00738
 +1.39315   +0.92783
 -1.45682   +0.25628
 +2.96880   +2.01621
 +1.53847   +0.92769
 -0.37447   +0.66225
 -0.27938   +0.99177
 +0.12339   +1.51479
 +0.79475   +1.83713
 -0.28329   +0.92936
 -1.03491   +0.16626
 -0.73774   +0.49803
 -1.88929   +0.19005
 +0.47641   +1.89375
 -1.14735   +0.39991
 +0.39522   +2.01450
 +1.79104   +0.86382
 -0.16876   +1.01501
 +0.09170   +1.48127
 +2.77065   +2.01525
 +0.14291   +1.68371
 +0.46679   +1.95717
 -2.02433   +0.11170
 -1.47880   +0.42676
 +1.59001   +0.74590
 +0.06164   +1.43712
 +0.86226   +1.37662
 +1.96318   +1.11421
 +0.25886   +1.71705
 +0.31681   +1.82567
 +0.18101   +1.83582
 -0.12327   +1.07803
 +1.15410   +1.27201
 +0.33164   +1.90227
 -0.19899   +1.00805
 -0.51989   +0.44540
 +0.04581   +1.67025
 +0.36311   +1.97055
 +0.63509   +1.79101
 +0.25357   +1.77652
 +0.92079   +1.54746
 -0.21814   +0.89849
 -0.69414   +0.32431
 +0.05918   +1.35305
 -3.20328   -1.16107
 -0.61330   +0.19345
 +0.08288   +1.46703
 -1.66213   +0.38295
 +0.20571   +1.55103
 +0.66618   +1.93594
 -0.74808   +0.26117
 +1.29747   +1.13650
 -1.51148   +0.54500
 +0.36635   +1.86923
 +0.82495   +1.76682
 +1.67610   +0.64496
 -0.07413   +1.12196
 +0.43849   +1.91028
 +1.47408   +0.79181
 +1.62426   +0.84087
 -0.99420   +0.09109
 +0.17886   +1.59958
 -0.87278   -0.01620
 +0.53686   +2.03230
 -1.81239   +0.32400
 -0.36810   +0.69507
 -1.03165   +0.25958
 +0.53346   +1.85426
 +0.43335   +1.92075
 +1.82267   +0.79556
 -0.77238   +0.26581
 +0.16648   +1.71066
 +1.58120   +0.82701
 -3.13386   -1.39021
 -0.44346   +0.63350
 -0.31757   +0.74456
 +0.74848   +1.68510
 -0.38045   +0.60171
 +0.02012   +1.44071
 -1.05944   +0.23412
 +0.59261   +1.75056
 -0.04074   +1.22602
 -0.51867   +0.36996
 +0.58035   +1.92912
 -1.04236   +0.21812
 -1.18502   +0.27856
 +2.22594   +1.18616
 -2.82176   -1.23718
 +0.24663   +1.61416
 -0.34965   +0.57822
 +0.18922   +1.82445
 +0.38720   +1.83356
 +2.12542   +1.09438
 -0.56538   +0.43264
 +0.88320   +1.61548
 +0.50503   +1.80707
 +1.17288   +1.09730
 +1.04056   +1.32021
 -1.89891   +0.06967
 -0.48324   +0.61476
 -0.01078   +1.27847
 -0.31997   +0.72130
 +1.36814   +1.00209
 +0.62536   +1.80209
 +0.75054   +1.73404
 +0.02822   +1.49986
 -0.58006   +0.40909
 -0.83123   +0.22614
 +0.13063   +1.69652
 +2.55442   +1.65772
 +1.38311   +0.89756
 -0.26119   +0.93407
 +0.64100   +1.71575
 +0.01736   +1.50209
 -2.27903   -0.33314
 -1.05346   +0.14348
 +1.56135   +0.73969
 +0.04288   +1.57721
 -0.47495   +0.60072
 -1.30478   +0.34466
 +0.40746   +1.69586
 -0.23362   +1.01233
 +0.50256   +1.78257
 +1.02797   +1.36215
 +1.19760   +1.28983
 +0.48044   +2.00875
 -1.02898   +0.14766
 -1.85971   +0.13001
 +0.95846   +1.52888
 -1.49141   +0.38787
 +1.02007   +1.38863
 +0.39414   +1.85238
 +0.27044   +1.77278
 -0.80087   +0.30342
 -0.46020   +0.46324
 +0.09716   +1.66055
 +0.60901   +1.79503
 +0.94737   +1.64731
 +0.29395   +1.98572
 +0.65069   +1.77462
 -0.64737   +0.28295
 -0.49317   +0.42835
 -0.89868   +0.34690
 +2.61496   +1.90574
 -1.09489   +0.17014
 -1.55190   +0.36208
 -0.32423   +0.81754
 +1.90572   +1.08210
 +0.95676   +1.44320
 +1.07220   +1.38855
 +0.04251   +1.59023
 -0.28385   +0.81478
 -0.34703   +0.65485
 -0.37569   +0.67504
 +2.15072   +1.00769
 -0.26192   +0.82229
 +1.37566   +0.86077
 -0.96262   +0.23534
 -0.38685   +0.61952
 -0.67683   +0.56728
 +0.55821   +1.91461
 -0.79721   +0.20162
 +0.09119   +1.60468
 -0.38060   +0.59885
 -1.12397   +0.32726
 -1.43257   +0.32045
 -1.39120   +0.45227
 -0.17468   +0.94807
 +1.84156   +0.71949
 +0.51385   +1.96897
 -0.79961   +0.30701
 +0.70810   +1.75118
 -1.41959   +0.38518
 -0.94957   +0.24350
 +1.33845   +1.04557
 -1.28412   +0.31398
 +0.73026   +1.93510
 -0.64175   +0.36783
 +1.09128   +1.25477
 +0.89440   +1.64683
 +0.49327   +1.85166
 +1.60177   +0.70151
 -0.11241   +1.18912
 -0.85914   +0.15377
 +0.42907   +1.93221
 -0.45959   +0.62473
 +1.68579   +0.78713
 +0.23882   +1.69594
 -1.38422   +0.40772
 +0.33807   +1.69711
 -0.37786   +0.62311
 +1.47662   +0.90530
 +1.22477   +1.15842
 -0.92187   +0.20214
 +1.04202   +1.30011
 +0.09683   +1.65961
 -0.98248   +0.22573
 -0.63410   +0.24547
 +0.01992   +1.34829
 -1.59736   +0.58162
 -0.42978   +0.75021
 -1.08654   +0.19759
 -1.16123   +0.36164
 -1.30213   +0.32684
 -0.81348   +0.36640
 -0.39517   +0.67580
 +0.02366   +1.44533
 -1.49993   +0.69583
 -0.55414   +0.51528
 -0.20043   +1.07834
 +1.32492   +1.00713
 -1.19760   +0.31995
 +1.58362   +0.69008
 +0.03798   +1.36372
 -0.30924   +0.78442
 +1.07369   +1.27315
 +0.95832   +1.56619
 -0.22495   +1.01948
 +0.90456   +1.43513
 +0.09866   +1.55094
 -1.35982   +0.30635
 +0.51063   +1.77331
 -1.64561   +0.29768
 -0.38592   +0.67311
 -1.53244   +0.41512
 +0.21056   +1.72624
 +0.56471   +1.83775
 +0.26778   +1.86216
 +0.10324   +1.65022
 -0.28668   +0.80815
 -1.05279   +0.55367
 -1.32700   +0.52781
 -0.07990   +1.15165
 +0.24797   +1.67970
 +0.54373   +1.90879
 +1.10233   +1.22043
 -0.28580   +0.80618
 +0.05856   +1.39036
 +0.38115   +1.98384
 -0.49429   +0.52354
 +1.43344   +0.99383
 -1.62689   +0.33823
 -0.34570   +0.62216
 +1.11370   +1.38936
 +0.23419   +1.54022
 +1.15912   +1.22731
 +0.64000   +1.83435
 +0.03792   +1.47688
 +0.01680   +1.56187
 +0.48474   +1.95637
 +0.00336   +1.48629
 -0.58478   +0.16155
 +1.13447   +1.26166
 +1.01880   +1.47289
 -0.43545   +0.74112
 +1.00804   +1.65624
 +0.69723   +1.82377
 -0.29275   +0.88164
 +0.96705   +1.44930
 +2.09224   +1.06455
 +0.31873   +1.83590
 -0.85156   +0.26948
 +1.83645   +0.75623
 -0.25358   +0.83298
 +0.27515   +1.65251
 +1.20861   +1.23614
 -0.93772   +0.30738
 -0.56326   +0.40267
 -0.88513   +0.25726
 +0.12901   +1.51557
 +0.30181   +1.80978
 +1.47061   +0.92645
 -0.46637   +0.34226
 -0.54040   +0.59376
 -0.36032   +0.82593
 -0.71946   +0.37380
 +1.50945   +1.01576
 -0.09548   +1.17636
 +0.45674   +2.10337
 -1.71201   +0.44477
 +1.54330   +0.81646
 +0.90736   +1.46651
 +1.23220   +1.25563
 +0.16330   +1.56675
 -0.28857   +0.83867
 +1.19391   +1.16504
 -0.76980   +0.21890
 +0.16139   +1.79167
 -0.82923   +0.25149
 -1.89837   +0.29318
 +0.78293   +1.74102
 +1.44992   +0.84323
 -0.31595   +0.85785
 +1.03049   +1.43731
 -0.41591   +0.80388
 +0.27472   +1.75025
 -0.86973   +0.09844
 +0.14535   +1.70071
 +0.04168   +1.34409
 +0.41560   +1.80967
 +0.45316   +1.78745
 -0.09771   +1.09025
 -1.34371   +0.52632
 -1.07192   +0.24366
 -0.68455   +0.27442
 -0.72403   +0.33750
 -0.18891   +1.06124
 +0.45909   +1.75953
 -0.90377   +0.18252
 -0.50416   +0.47314
 +0.19538   +1.54225
 +1.63225   +0.74673
 -0.40216   +0.55606
 +0.06154   +1.43609
 +2.15511   +0.99091
 -2.95063   -1.23018
 +0.78415   +1.61943
 +1.46150   +0.75490
 +1.78695   +0.60856
 -0.77994   +0.38727
 -0.92559   +0.28178
 -0.40127   +0.72957
 +0.07542   +1.59373
 -1.68356   +0.38990
 +0.16843   +1.73744
 +0.05650   +1.51647
 +0.38206   +1.85258
 +0.89719   +1.74007
 -0.69910   +0.36006
 -1.37534   +0.34839
 +0.95588   +1.43112
 +1.39435   +0.98780
 -1.97610   +0.12093
 -1.10168   +0.14705
 -1.24893   +0.47156
 +1.57566   +0.74569
 -1.07370   +0.26423
 +0.14710   +1.63454
 +0.32903   +1.78040
 -0.84549   +0.31497
 -1.59842   +0.42248
 +0.06848   +1.57390
 -0.27180   +0.98541
 -1.62663   +0.42462
 -0.02949   +1.24414
 -0.49900   +0.63256
 -1.42946   +0.44510
 +0.53313   +1.89638
 -0.35473   +0.79894
 +1.19212   +1.28892
 -1.67118   +0.52830
 +1.31782   +0.97234
 -0.95356   +0.26235
 -0.22607   +0.97018
 -1.66164   +0.54863
 +1.06485   +1.28274
 +0.28889   +1.78496
 -1.80947   +0.29538
 +0.24211   +1.80849
 +0.87093   +1.67289
 +0.29494   +1.71198
 +0.00297   +1.32163
 -1.76092   +0.43603
 +0.17212   +1.63784
 -1.64251   +0.38831
 -0.41741   +0.72420
 +0.61489   +1.79629
 +1.40960   +1.05943
 +1.29310   +0.88227
 +1.15011   +1.32141
 -0.49362   +0.68042
 +0.29821   +1.91515
 -0.67526   +0.29619
 -0.18058   +1.07748
 -1.04881   +0.33175
 -0.41195   +0.63989
 -1.59696   +0.37780
 -0.24726   +0.79271
 -0.83672   +0.25007
 +0.58650   +1.82498
 -0.52906   +0.18027
 -0.31952   +0.62032
 +0.26851   +1.91630
 +0.20146   +1.43824
 +0.23394   +1.63792
 +0.09574   +1.61626
 +2.29327   +1.36296
 +0.79240   +1.76314
 +0.44219   +1.97657
 +1.87114   +0.79831
 -0.75066   +0.11936
 -1.46456   +0.39688
 -0.15015   +0.95066
 +0.62086   +1.70769
 +0.79976   +1.87116
 +0.35390   +1.86777
 -0.16194   +1.07660
 -0.50635   +0.57521
 -0.01690   +1.29307
 -1.08833   +0.32388
 -0.70869   +0.11561
 -0.36001   +0.59110
 +0.48032   +1.98936
 -0.37959   +0.70592
 +0.64335   +1.90095
 +0.84252   +1.66792
 -0.21785   +0.95408
 -0.29066   +0.82487
 -0.81414   +0.23170
 +0.89331   +1.65854
 +2.05586   +0.85221
 +1.27031   +1.01220
 +0.72401   +1.77132
 +1.00203   +1.51137
 +0.58076   +1.84255
 +0.15347   +1.61660
 +0.13287   +1.50735
 +0.34510   +1.88958
 +0.41414   +1.84072
 -0.72999   +0.38032
 -0.59102   +0.45383
 +0.26192   +1.88243
 -1.41012   +0.17991
 +0.34362   +1.84564
 +1.41394   +0.81048
 -0.36224   +0.88646
 +0.00950   +1.32991
 +1.80119   +0.87135
 +1.32897   +0.86851
 +0.64736   +1.70970
 -0.52933   +0.32666
 +0.82592   +1.74418
 +0.30070   +1.71559
 -0.09304   +1.15972
 -1.46227   +0.50361
 -0.02102   +1.37349
 -1.08517   +0.26783
 -0.98347   +0.27481
 -0.95141   +0.18593
 -0.56903   +0.31658
 +0.39229   +1.73828
 +0.15815   +1.66065
 -2.13485   -0.22133
 -0.20511   +1.09450
 -0.87147   +0.28996
 -0.22409   +1.11621
 +0.92494   +1.33324
 -1.58617   +0.32063
 -1.08563   +0.16840
 -1.18817   +0.35476
 -1.00333   +0.38348
 -0.18506   +0.99960
 +0.23325   +1.69609
 -0.75351   +0.39746
 +1.29784   +1.08227
 -0.38610   +0.70349
 -2.04069   -0.04583
 +2.02320   +0.82795
 +2.58311   +1.64307
 +0.63783   +2.02041
 +1.10988   +1.27964
 -0.54414   +0.32189
 -1.26417   +0.25131
 -1.08348   +0.18961
 -0.28985   +0.95382
 -0.58441   +0.32219
 -1.75730   +0.45790
 -1.04749   +0.30034
 +0.52518   +1.82108
 -1.08972   +0.41963
 -0.33226   +0.72147
 -0.68340   +0.34530
 +1.18959   +1.18543
 -0.21637   +1.08769
 +1.98318   +1.03548
 +0.68840   +1.98205
 +0.44259   +1.81629
 +0.93867   +1.58788
 +0.04133   +1.42192
 +0.20265   +1.71679
 +0.17363   +1.53853
 -1.42430   +0.44605
 +0.06833   +1.46649
 +1.09584   +1.30273
 +0.70069   +1.75490
 +0.86189   +1.63611
 -0.46805   +0.53105
 +1.43103   +0.76255
 -0.05447   +1.44053
 -1.41550   +0.49176
 +0.45620   +1.84491
 -0.66953   +0.43866
 +0.00529   +1.08926
 -0.21942   +0.80435
 -0.43560   +0.57216
 -1.06081   +0.33629
 -0.10904   +1.16625
 +1.41440   +0.97544
 +0.52801   +1.88362
 +1.90748   +0.92758
 -0.13286   +0.96352
 +1.25834   +1.25201
 -1.55076   +0.48302
 -0.06414   +1.30838
 +0.07301   +1.43368
 -0.48177   +0.44468
 +1.49170   +0.79365
 +0.94376   +1.46985
 +1.09973   +1.32964
 +0.04057   +1.54022
 +0.71414   +1.82605
 +1.37931   +0.89010
 -1.01774   +0.21371
 +2.22206   +1.33544
 +1.18547   +0.97821
 +0.12050   +1.50882
 +0.94068   +1.49907
 -0.63151   +0.17856
 -0.58820   +0.29446
 -0.44903   +0.48220
 +1.22985   +1.12287
 -0.09396   +1.22171
 -0.37450   +0.75839
 -0.93524   +0.22359
 -1.24182   +0.26107
 +0.49414   +1.94457
 +0.33392   +1.78511
 -1.79728   +0.34428
 +0.38932   +2.04311
 +0.72867   +1.74772
 -0.51280   +0.61777
 +1.76166   +0.62472
 +1.06399   +1.25506
 +1.08725   +1.53348
 -0.72592   +0.31512
 -1.03123   +0.25804
 -2.19682   -0.40537
 +0.36838   +1.94612
 +0.56231   +1.95121
 +1.07639   +1.25469
 +0.44221   +1.75299
 +1.16434   +1.11475
 -1.41407   +0.51490
 -1.58453   +0.45654
 -0.83804   +0.20034
 -1.43436   +0.25676
 -1.58734   +0.44519
 +1.80515   +0.99958
 -0.70344   +0.20173
 +1.37535   +0.99429
 -2.17387   -0.25624
 +0.88915   +1.79312
 -0.73179   +0.24754
 +0.08271   +1.66592
 -0.26405   +0.91119
 +0.01047   +1.42005
 -0.06295   +1.30113
 -3.04929   -1.29634
 +1.40697   +0.95685
 -0.44495   +0.63030
 +2.58198   +1.71213
 +0.74470   +1.67520
 -1.02025   +0.29573
 -2.34496   -0.53774
 +0.10177   +1.68314
 -1.43916   +0.57699
 +1.85181   +0.85272
 +0.19217   +1.60755
 -0.16006   +1.20455
 +1.61830   +0.79692
 +0.05020   +1.43887
 +1.07865   +1.26009
 +0.20916   +1.65141
 -0.40594   +0.70091
 -0.03124   +1.26303
 +0.96227   +1.33736
 +0.41865   +1.82027
 -0.76473   +0.24388
 -0.27801   +1.03800
 -0.46994   +0.58983
 -0.58373   +0.43965
 +0.43847   +1.96312
 +0.04041   +1.51883
 +2.82794   +1.97318
 -0.12618   +1.00309
 -0.70714   +0.14640
 +0.91950   +1.56072
 -0.23309   +1.07937
 +0.05227   +1.18585
 -1.83584   +0.27122
 +0.10691   +1.50303
 -0.22809   +1.00782
 -0.39016   +0.77222
 -0.63560   +0.26167
 -0.78701   +0.23662
 +0.17429   +1.63684
 +0.98066   +1.59732
 -0.55858   +0.40093
 -2.41723   -0.70172
 +1.68359   +0.79642
 -0.89699   +0.12774
 -1.43862   +0.40469
 +0.05926   +1.59694
 +0.29876   +1.73298
 -0.31062   +0.99775
 +0.80080   +1.72301
 -0.47114   +0.69054
 +1.50591   +0.82923
 -0.61203   +0.31227
 -1.13247   +0.18828
 -0.27305   +0.74329
 +0.48756   +2.02548
 -1.12131   +0.29475
 +0.05083   +1.45919
 -0.46682   +0.59646
 -0.22412   +0.81316
 +0.36103   +1.88913
 +0.77064   +1.71820
 -0.57754   +0.44567
 -0.29184   +0.81604
 +2.39781   +1.49799
 -0.11684   +1.09870
 -1.02559   +0.39422
 +1.58825   +0.78816
 +0.24974   +1.78031
 -0.32521   +0.76193
 +0.69384   +1.65803
 +1.72362   +0.55008
 -1.07880   +0.28996
 +0.87941   +1.55899
 -0.93922   +0.17880
 -1.13970   +0.33350
 -0.76964   +0.27926
 -0.43216   +0.64055
 -0.11724   +1.22929
 +0.26255   +1.74438
 +0.68891   +1.86333
 +0.00258   +1.23057
 +0.27361   +1.76528
 +0.09715   +1.41313
 -0.81209   +0.25399
 +1.43977   +1.00929
 -0.47172   +0.44937
 +0.33660   +1.90132
 +0.70005   +1.60227
 +1.08358   +1.41455
 +0.93800   +1.51094
 -1.12744   +0.22725
 -0.55296   +0.46929
 -1.14102   +0.19993
 -0.34677   +0.80541
 -0.85259   +0.31487
 -0.19175   +1.06210
 -0.89787   +0.14486
 -1.22337   +0.41507
 -0.99556   +0.13530
 -0.00229   +1.20157
 +2.70854   +1.87505
 -1.31814   +0.23116
 -0.65352   +0.33648
 -2.59066   -0.70180
 -0.01094   +1.56454
 -0.17021   +1.00725
 -1.20231   +0.26112
 +0.21489   +1.59174
 -0.48567   +0.71038
 -1.67906   +0.45890
 +1.19218   +1.19902
 -1.36868   +0.67539
 +0.16267   +1.56488
 -0.61357   +0.25787
 +0.46250   +1.81384
 -0.51661   +0.38591
 +0.73350   +1.62046
 +0.75234   +1.74722
 -0.63279   +0.36053
 -0.53615   +0.55987
 +0.87283   +1.76094
 +1.65096   +0.64372
 -1.04269   +0.25121
 +1.88439   +0.75114
 -1.55567   +0.45669
 +0.33358   +1.79767
 -0.30140   +0.87393
 +0.76423   +1.73990
 -0.11541   +1.17077
 +0.55249   +1.68251
 -0.28431   +1.00921
 +0.18153   +1.59744
 +0.61539   +1.93769
 -1.17464   +0.30201
 +2.30775   +1.50612
 +2.37982   +1.61873
 -1.40198   +0.38325
 -1.36065   +0.52086
 +0.60608   +1.73799
 +1.49651   +0.72316
 +0.75135   +1.81947
 -0.71944   +0.31726
 +1.97173   +0.78090
 +0.28476   +1.92323
 +1.06840   +1.38210
 +1.05124   +1.35831
 -1.14368   +0.21404
 +0.24407   +1.67538
 +0.17873   +1.72825
 +2.94535   +2.01437
 +0.37039   +1.98093
 -0.23342   +0.94681
 -0.22404   +0.97903
 +0.11711   +1.57903
 -0.57903   +0.36593
 -2.90456   -1.14987
 +0.55299   +1.92584
 +1.16754   +1.29949
 +0.52405   +1.73248
 +0.14261   +1.80968
 -0.81158   +0.18751
 +1.43302   +0.97954
 +1.80285   +0.71470
 +0.82086   +1.72788
 +0.34207   +1.82203
 -3.06773   -1.35707
 -2.54067   -0.81852
 +1.41940   +0.84436
 -0.33578   +0.79172
 +0.25923   +1.45309
 -0.23256   +0.76988
 -0.08023   +1.21350
 -0.20035   +1.05967
 +0.31192   +1.73745
 +1.21629   +1.07538
 +0.72272   +1.80795
 -0.28062   +0.87794
 +0.92715   +1.37775
 +0.14983   +1.63442
 -0.24592   +0.96987
 -1.71074   +0.18169
 -0.69872   +0.19544
 +1.05991   +1.42539
 +0.13325   +1.49213
 +0.58352   +1.96027
 +0.94599   +1.62114
 +1.56158   +0.84140
 +1.05211   +1.37163
 -0.54785   +0.45351
 -0.97587   +0.11805
 -0.99099   +0.13913
 -0.12459   +1.08046
 +0.28083   +1.80259
 -0.33268   +0.90224
 +0.87308   +1.70094
 +1.38379   +1.01553
 -0.57564   +0.45969
 -0.21925   +0.94586
 +0.44241   +1.70103
 -0.52458   +0.36236
 +0.84340   +1.66981
 -1.97160   -0.07641
 -2.42020   -0.63110
 +0.12929   +1.54392
 -1.06902   +0.40334
 +0.85457   +1.64207
 +1.09854   +1.27729
 +0.91610   +1.71411
 +0.32698   +1.99499
 -0.28819   +0.71747
 +0.94405   +1.60603
 -0.79866   +0.10430
 -0.81884   +0.15261
 +0.89084   +1.59130
 -0.38310   +0.69433
 +0.34825   +1.89717
 -0.39394   +0.62270
 +0.91842   +1.55144
 -0.13080   +1.32600
 -1.04659   +0.33656
 -0.12434   +1.09348
 +1.76225   +0.66389
 -1.29254   +0.29807
 +0.90522   +1.68708
 -1.25173   +0.35595
 -0.02630   +1.26352
 -0.26270   +0.78405
 +0.18153   +1.92374
 -2.44152   -0.65907
 +0.57492   +1.79395
 +0.64735   +1.74082
 -0.36623   +0.78751
 -0.08821   +1.22751
 +1.59165   +0.74415
 +1.01537   +1.56532
 +0.83605   +1.57843
 -0.56362   +0.50006
 +1.79632   +0.83295
 -0.15638   +1.17737
 +0.07500   +1.57060
 +1.49721   +0.75695
 +1.00747   +1.35916
 +1.65966   +0.75046
 +0.38503   +2.03934
 +0.57841   +2.00569
 -1.23413   +0.35403
 -0.50378   +0.43460
 +1.23342   +1.13077
 +0.16519   +1.58395
 +0.72977   +1.77526
 -0.93997   +0.13995
 +0.33899   +1.78894
 -1.07705   +0.29038
 -2.08494   +0.00484
 +0.83378   +1.58264
 +1.30057   +1.05482
 -0.25474   +0.94151
 +0.67403   +1.75553
 +2.02222   +0.90775
 -0.07547   +1.32366
 -2.36184   -0.31478
 +0.26927   +1.68431
 +1.00095   +1.42794
 +0.74957   +1.73924
 -0.82874   +0.10682
 -1.56347   +0.47798
 +0.15079   +1.68643
 +0.74248   +1.77379
